Simulation of solar system over 1 years, with 1000 iterations, using verlet´s method.
Time 	sun	 	earth	 	
0,	0,0,0,	0.99998,0.00628,0
0.001,	0,0,0,	0.999921,0.0125598,0
0.002,	0,0,0,	0.999822,0.018839,0
0.003,	0,0,0,	0.999684,0.0251175,0
0.004,	0,0,0,	0.999507,0.031395,0
0.005,	0,0,0,	0.999289,0.0376713,0
0.006,	0,0,0,	0.999033,0.0439461,0
0.007,	0,0,0,	0.998737,0.0502192,0
0.008,	0,0,0,	0.998402,0.0564903,0
0.009,	0,0,0,	0.998027,0.0627591,0
0.01,	0,0,0,	0.997612,0.0690255,0
0.011,	0,0,0,	0.997159,0.0752891,0
0.012,	0,0,0,	0.996666,0.0815498,0
0.013,	0,0,0,	0.996134,0.0878072,0
0.014,	0,0,0,	0.995562,0.0940612,0
0.015,	0,0,0,	0.994951,0.100311,0
0.016,	0,0,0,	0.994301,0.106558,0
0.017,	0,0,0,	0.993611,0.1128,0
0.018,	0,0,0,	0.992883,0.119038,0
0.019,	0,0,0,	0.992115,0.125271,0
0.02,	0,0,0,	0.991308,0.131499,0
0.021,	0,0,0,	0.990461,0.137721,0
0.022,	0,0,0,	0.989576,0.143939,0
0.023,	0,0,0,	0.988652,0.15015,0
0.024,	0,0,0,	0.987688,0.156356,0
0.025,	0,0,0,	0.986686,0.162556,0
0.026,	0,0,0,	0.985644,0.168749,0
0.027,	0,0,0,	0.984564,0.174935,0
0.028,	0,0,0,	0.983445,0.181115,0
0.029,	0,0,0,	0.982287,0.187288,0
0.03,	0,0,0,	0.98109,0.193453,0
0.031,	0,0,0,	0.979855,0.19961,0
0.032,	0,0,0,	0.978581,0.20576,0
0.033,	0,0,0,	0.977268,0.211901,0
0.034,	0,0,0,	0.975916,0.218034,0
0.035,	0,0,0,	0.974526,0.224158,0
0.036,	0,0,0,	0.973098,0.230274,0
0.037,	0,0,0,	0.971631,0.236381,0
0.038,	0,0,0,	0.970126,0.242478,0
0.039,	0,0,0,	0.968583,0.248565,0
0.04,	0,0,0,	0.967001,0.254643,0
0.041,	0,0,0,	0.965381,0.260711,0
0.042,	0,0,0,	0.963723,0.266768,0
0.043,	0,0,0,	0.962027,0.272815,0
0.044,	0,0,0,	0.960293,0.278851,0
0.045,	0,0,0,	0.958521,0.284876,0
0.046,	0,0,0,	0.956711,0.29089,0
0.047,	0,0,0,	0.954863,0.296893,0
0.048,	0,0,0,	0.952978,0.302883,0
0.049,	0,0,0,	0.951055,0.308862,0
0.05,	0,0,0,	0.949095,0.314829,0
0.051,	0,0,0,	0.947097,0.320783,0
0.052,	0,0,0,	0.945061,0.326724,0
0.053,	0,0,0,	0.942989,0.332653,0
0.054,	0,0,0,	0.940879,0.338568,0
0.055,	0,0,0,	0.938732,0.34447,0
0.056,	0,0,0,	0.936548,0.350358,0
0.057,	0,0,0,	0.934327,0.356233,0
0.058,	0,0,0,	0.932069,0.362094,0
0.059,	0,0,0,	0.929774,0.36794,0
0.06,	0,0,0,	0.927442,0.373771,0
0.061,	0,0,0,	0.925074,0.379588,0
0.062,	0,0,0,	0.92267,0.38539,0
0.063,	0,0,0,	0.920228,0.391177,0
0.064,	0,0,0,	0.917751,0.396948,0
0.065,	0,0,0,	0.915237,0.402704,0
0.066,	0,0,0,	0.912688,0.408444,0
0.067,	0,0,0,	0.910102,0.414167,0
0.068,	0,0,0,	0.90748,0.419874,0
0.069,	0,0,0,	0.904822,0.425565,0
0.07,	0,0,0,	0.902129,0.431239,0
0.071,	0,0,0,	0.8994,0.436896,0
0.072,	0,0,0,	0.896635,0.442535,0
0.073,	0,0,0,	0.893836,0.448157,0
0.074,	0,0,0,	0.891,0.453762,0
0.075,	0,0,0,	0.88813,0.459348,0
0.076,	0,0,0,	0.885224,0.464916,0
0.077,	0,0,0,	0.882284,0.470466,0
0.078,	0,0,0,	0.879309,0.475998,0
0.079,	0,0,0,	0.876299,0.48151,0
0.08,	0,0,0,	0.873254,0.487004,0
0.081,	0,0,0,	0.870175,0.492478,0
0.082,	0,0,0,	0.867062,0.497933,0
0.083,	0,0,0,	0.863914,0.503368,0
0.084,	0,0,0,	0.860732,0.508783,0
0.085,	0,0,0,	0.857516,0.514179,0
0.086,	0,0,0,	0.854267,0.519554,0
0.087,	0,0,0,	0.850983,0.524908,0
0.088,	0,0,0,	0.847666,0.530242,0
0.089,	0,0,0,	0.844316,0.535554,0
0.09,	0,0,0,	0.840932,0.540846,0
0.091,	0,0,0,	0.837515,0.546116,0
0.092,	0,0,0,	0.834065,0.551365,0
0.093,	0,0,0,	0.830581,0.556592,0
0.094,	0,0,0,	0.827066,0.561797,0
0.095,	0,0,0,	0.823517,0.566979,0
0.096,	0,0,0,	0.819936,0.57214,0
0.097,	0,0,0,	0.816322,0.577277,0
0.098,	0,0,0,	0.812677,0.582392,0
0.099,	0,0,0,	0.808999,0.587484,0
0.1,	0,0,0,	0.805289,0.592553,0
0.101,	0,0,0,	0.801547,0.597598,0
0.102,	0,0,0,	0.797774,0.60262,0
0.103,	0,0,0,	0.793969,0.607618,0
0.104,	0,0,0,	0.790133,0.612591,0
0.105,	0,0,0,	0.786266,0.617541,0
0.106,	0,0,0,	0.782367,0.622466,0
0.107,	0,0,0,	0.778438,0.627367,0
0.108,	0,0,0,	0.774478,0.632243,0
0.109,	0,0,0,	0.770487,0.637094,0
0.11,	0,0,0,	0.766466,0.64192,0
0.111,	0,0,0,	0.762415,0.64672,0
0.112,	0,0,0,	0.758333,0.651495,0
0.113,	0,0,0,	0.754222,0.656244,0
0.114,	0,0,0,	0.750081,0.660967,0
0.115,	0,0,0,	0.74591,0.665664,0
0.116,	0,0,0,	0.741709,0.670335,0
0.117,	0,0,0,	0.73748,0.674979,0
0.118,	0,0,0,	0.733221,0.679597,0
0.119,	0,0,0,	0.728933,0.684187,0
0.12,	0,0,0,	0.724616,0.688751,0
0.121,	0,0,0,	0.720271,0.693288,0
0.122,	0,0,0,	0.715898,0.697797,0
0.123,	0,0,0,	0.711496,0.702278,0
0.124,	0,0,0,	0.707066,0.706732,0
0.125,	0,0,0,	0.702608,0.711158,0
0.126,	0,0,0,	0.698122,0.715556,0
0.127,	0,0,0,	0.693608,0.719925,0
0.128,	0,0,0,	0.689068,0.724266,0
0.129,	0,0,0,	0.6845,0.728579,0
0.13,	0,0,0,	0.679905,0.732862,0
0.131,	0,0,0,	0.675283,0.737117,0
0.132,	0,0,0,	0.670634,0.741343,0
0.133,	0,0,0,	0.665959,0.745539,0
0.134,	0,0,0,	0.661258,0.749706,0
0.135,	0,0,0,	0.65653,0.753843,0
0.136,	0,0,0,	0.651777,0.75795,0
0.137,	0,0,0,	0.646997,0.762028,0
0.138,	0,0,0,	0.642192,0.766075,0
0.139,	0,0,0,	0.637362,0.770092,0
0.14,	0,0,0,	0.632507,0.774078,0
0.141,	0,0,0,	0.627626,0.778034,0
0.142,	0,0,0,	0.622721,0.78196,0
0.143,	0,0,0,	0.617791,0.785854,0
0.144,	0,0,0,	0.612837,0.789717,0
0.145,	0,0,0,	0.607859,0.793549,0
0.146,	0,0,0,	0.602856,0.79735,0
0.147,	0,0,0,	0.59783,0.801119,0
0.148,	0,0,0,	0.59278,0.804857,0
0.149,	0,0,0,	0.587707,0.808563,0
0.15,	0,0,0,	0.58261,0.812236,0
0.151,	0,0,0,	0.57749,0.815878,0
0.152,	0,0,0,	0.572348,0.819487,0
0.153,	0,0,0,	0.567183,0.823064,0
0.154,	0,0,0,	0.561995,0.826609,0
0.155,	0,0,0,	0.556786,0.830121,0
0.156,	0,0,0,	0.551554,0.833599,0
0.157,	0,0,0,	0.5463,0.837045,0
0.158,	0,0,0,	0.541025,0.840458,0
0.159,	0,0,0,	0.535729,0.843838,0
0.16,	0,0,0,	0.530411,0.847184,0
0.161,	0,0,0,	0.525072,0.850497,0
0.162,	0,0,0,	0.519713,0.853777,0
0.163,	0,0,0,	0.514333,0.857022,0
0.164,	0,0,0,	0.508933,0.860234,0
0.165,	0,0,0,	0.503512,0.863411,0
0.166,	0,0,0,	0.498072,0.866555,0
0.167,	0,0,0,	0.492612,0.869664,0
0.168,	0,0,0,	0.487133,0.872739,0
0.169,	0,0,0,	0.481634,0.875779,0
0.17,	0,0,0,	0.476116,0.878784,0
0.171,	0,0,0,	0.470579,0.881755,0
0.172,	0,0,0,	0.465024,0.884691,0
0.173,	0,0,0,	0.45945,0.887592,0
0.174,	0,0,0,	0.453859,0.890458,0
0.175,	0,0,0,	0.448249,0.893289,0
0.176,	0,0,0,	0.442621,0.896085,0
0.177,	0,0,0,	0.436976,0.898845,0
0.178,	0,0,0,	0.431314,0.901569,0
0.179,	0,0,0,	0.425635,0.904258,0
0.18,	0,0,0,	0.419939,0.906911,0
0.181,	0,0,0,	0.414226,0.909528,0
0.182,	0,0,0,	0.408497,0.912109,0
0.183,	0,0,0,	0.402752,0.914654,0
0.184,	0,0,0,	0.39699,0.917163,0
0.185,	0,0,0,	0.391213,0.919636,0
0.186,	0,0,0,	0.385421,0.922072,0
0.187,	0,0,0,	0.379613,0.924472,0
0.188,	0,0,0,	0.373791,0.926835,0
0.189,	0,0,0,	0.367953,0.929162,0
0.19,	0,0,0,	0.362101,0.931452,0
0.191,	0,0,0,	0.356235,0.933705,0
0.192,	0,0,0,	0.350355,0.935921,0
0.193,	0,0,0,	0.34446,0.9381,0
0.194,	0,0,0,	0.338553,0.940242,0
0.195,	0,0,0,	0.332631,0.942347,0
0.196,	0,0,0,	0.326697,0.944414,0
0.197,	0,0,0,	0.32075,0.946444,0
0.198,	0,0,0,	0.314789,0.948437,0
0.199,	0,0,0,	0.308817,0.950392,0
0.2,	0,0,0,	0.302832,0.95231,0
0.201,	0,0,0,	0.296836,0.954189,0
0.202,	0,0,0,	0.290827,0.956032,0
0.203,	0,0,0,	0.284807,0.957836,0
0.204,	0,0,0,	0.278776,0.959602,0
0.205,	0,0,0,	0.272734,0.961331,0
0.206,	0,0,0,	0.266681,0.963021,0
0.207,	0,0,0,	0.260617,0.964673,0
0.208,	0,0,0,	0.254543,0.966288,0
0.209,	0,0,0,	0.248459,0.967864,0
0.21,	0,0,0,	0.242365,0.969401,0
0.211,	0,0,0,	0.236262,0.9709,0
0.212,	0,0,0,	0.230149,0.972361,0
0.213,	0,0,0,	0.224027,0.973784,0
0.214,	0,0,0,	0.217897,0.975167,0
0.215,	0,0,0,	0.211757,0.976513,0
0.216,	0,0,0,	0.20561,0.977819,0
0.217,	0,0,0,	0.199454,0.979087,0
0.218,	0,0,0,	0.19329,0.980316,0
0.219,	0,0,0,	0.187119,0.981507,0
0.22,	0,0,0,	0.18094,0.982658,0
0.221,	0,0,0,	0.174754,0.983771,0
0.222,	0,0,0,	0.168561,0.984844,0
0.223,	0,0,0,	0.162362,0.985879,0
0.224,	0,0,0,	0.156156,0.986875,0
0.225,	0,0,0,	0.149943,0.987832,0
0.226,	0,0,0,	0.143725,0.988749,0
0.227,	0,0,0,	0.137502,0.989627,0
0.228,	0,0,0,	0.131272,0.990467,0
0.229,	0,0,0,	0.125038,0.991267,0
0.23,	0,0,0,	0.118799,0.992028,0
0.231,	0,0,0,	0.112555,0.992749,0
0.232,	0,0,0,	0.106306,0.993431,0
0.233,	0,0,0,	0.100053,0.994074,0
0.234,	0,0,0,	0.0937966,0.994678,0
0.235,	0,0,0,	0.0875362,0.995242,0
0.236,	0,0,0,	0.0812723,0.995767,0
0.237,	0,0,0,	0.0750052,0.996252,0
0.238,	0,0,0,	0.0687352,0.996698,0
0.239,	0,0,0,	0.0624624,0.997104,0
0.24,	0,0,0,	0.0561871,0.997471,0
0.241,	0,0,0,	0.0499097,0.997799,0
0.242,	0,0,0,	0.0436302,0.998087,0
0.243,	0,0,0,	0.037349,0.998335,0
0.244,	0,0,0,	0.0310664,0.998544,0
0.245,	0,0,0,	0.0247825,0.998714,0
0.246,	0,0,0,	0.0184976,0.998844,0
0.247,	0,0,0,	0.012212,0.998934,0
0.248,	0,0,0,	0.00592595,0.998985,0
0.249,	0,0,0,	-0.000360364,0.998996,0
0.25,	0,0,0,	-0.00664667,0.998967,0
0.251,	0,0,0,	-0.0129327,0.9989,0
0.252,	0,0,0,	-0.0192182,0.998792,0
0.253,	0,0,0,	-0.025503,0.998645,0
0.254,	0,0,0,	-0.0317868,0.998458,0
0.255,	0,0,0,	-0.0380693,0.998232,0
0.256,	0,0,0,	-0.0443502,0.997967,0
0.257,	0,0,0,	-0.0506295,0.997662,0
0.258,	0,0,0,	-0.0569067,0.997317,0
0.259,	0,0,0,	-0.0631817,0.996933,0
0.26,	0,0,0,	-0.0694542,0.996509,0
0.261,	0,0,0,	-0.0757239,0.996046,0
0.262,	0,0,0,	-0.0819906,0.995543,0
0.263,	0,0,0,	-0.0882541,0.995001,0
0.264,	0,0,0,	-0.0945141,0.99442,0
0.265,	0,0,0,	-0.10077,0.993799,0
0.266,	0,0,0,	-0.107023,0.993139,0
0.267,	0,0,0,	-0.113271,0.992439,0
0.268,	0,0,0,	-0.119514,0.991701,0
0.269,	0,0,0,	-0.125753,0.990923,0
0.27,	0,0,0,	-0.131987,0.990105,0
0.271,	0,0,0,	-0.138215,0.989249,0
0.272,	0,0,0,	-0.144438,0.988353,0
0.273,	0,0,0,	-0.150656,0.987418,0
0.274,	0,0,0,	-0.156867,0.986444,0
0.275,	0,0,0,	-0.163072,0.985431,0
0.276,	0,0,0,	-0.169271,0.984379,0
0.277,	0,0,0,	-0.175463,0.983287,0
0.278,	0,0,0,	-0.181648,0.982157,0
0.279,	0,0,0,	-0.187826,0.980988,0
0.28,	0,0,0,	-0.193996,0.97978,0
0.281,	0,0,0,	-0.200159,0.978534,0
0.282,	0,0,0,	-0.206314,0.977248,0
0.283,	0,0,0,	-0.212461,0.975924,0
0.284,	0,0,0,	-0.218599,0.974561,0
0.285,	0,0,0,	-0.224728,0.97316,0
0.286,	0,0,0,	-0.230849,0.97172,0
0.287,	0,0,0,	-0.236961,0.970241,0
0.288,	0,0,0,	-0.243063,0.968724,0
0.289,	0,0,0,	-0.249155,0.967169,0
0.29,	0,0,0,	-0.255238,0.965575,0
0.291,	0,0,0,	-0.26131,0.963943,0
0.292,	0,0,0,	-0.267373,0.962273,0
0.293,	0,0,0,	-0.273424,0.960565,0
0.294,	0,0,0,	-0.279465,0.958818,0
0.295,	0,0,0,	-0.285494,0.957034,0
0.296,	0,0,0,	-0.291513,0.955212,0
0.297,	0,0,0,	-0.29752,0.953351,0
0.298,	0,0,0,	-0.303515,0.951453,0
0.299,	0,0,0,	-0.309497,0.949518,0
0.3,	0,0,0,	-0.315468,0.947545,0
0.301,	0,0,0,	-0.321426,0.945534,0
0.302,	0,0,0,	-0.327372,0.943485,0
0.303,	0,0,0,	-0.333304,0.9414,0
0.304,	0,0,0,	-0.339224,0.939277,0
0.305,	0,0,0,	-0.345129,0.937116,0
0.306,	0,0,0,	-0.351021,0.934919,0
0.307,	0,0,0,	-0.3569,0.932685,0
0.308,	0,0,0,	-0.362764,0.930413,0
0.309,	0,0,0,	-0.368613,0.928105,0
0.31,	0,0,0,	-0.374448,0.92576,0
0.311,	0,0,0,	-0.380269,0.923378,0
0.312,	0,0,0,	-0.386074,0.920959,0
0.313,	0,0,0,	-0.391864,0.918504,0
0.314,	0,0,0,	-0.397638,0.916013,0
0.315,	0,0,0,	-0.403397,0.913486,0
0.316,	0,0,0,	-0.409139,0.910922,0
0.317,	0,0,0,	-0.414865,0.908322,0
0.318,	0,0,0,	-0.420575,0.905686,0
0.319,	0,0,0,	-0.426269,0.903014,0
0.32,	0,0,0,	-0.431945,0.900306,0
0.321,	0,0,0,	-0.437604,0.897563,0
0.322,	0,0,0,	-0.443246,0.894784,0
0.323,	0,0,0,	-0.44887,0.891969,0
0.324,	0,0,0,	-0.454477,0.889119,0
0.325,	0,0,0,	-0.460065,0.886234,0
0.326,	0,0,0,	-0.465635,0.883314,0
0.327,	0,0,0,	-0.471187,0.880359,0
0.328,	0,0,0,	-0.47672,0.877369,0
0.329,	0,0,0,	-0.482234,0.874344,0
0.33,	0,0,0,	-0.487729,0.871284,0
0.331,	0,0,0,	-0.493205,0.86819,0
0.332,	0,0,0,	-0.498661,0.865061,0
0.333,	0,0,0,	-0.504097,0.861898,0
0.334,	0,0,0,	-0.509514,0.858701,0
0.335,	0,0,0,	-0.51491,0.85547,0
0.336,	0,0,0,	-0.520286,0.852205,0
0.337,	0,0,0,	-0.525641,0.848906,0
0.338,	0,0,0,	-0.530975,0.845573,0
0.339,	0,0,0,	-0.536288,0.842207,0
0.34,	0,0,0,	-0.54158,0.838808,0
0.341,	0,0,0,	-0.546851,0.835375,0
0.342,	0,0,0,	-0.552099,0.831909,0
0.343,	0,0,0,	-0.557326,0.82841,0
0.344,	0,0,0,	-0.562531,0.824879,0
0.345,	0,0,0,	-0.567713,0.821314,0
0.346,	0,0,0,	-0.572873,0.817717,0
0.347,	0,0,0,	-0.57801,0.814088,0
0.348,	0,0,0,	-0.583125,0.810426,0
0.349,	0,0,0,	-0.588216,0.806732,0
0.35,	0,0,0,	-0.593284,0.803006,0
0.351,	0,0,0,	-0.598328,0.799248,0
0.352,	0,0,0,	-0.603348,0.795459,0
0.353,	0,0,0,	-0.608345,0.791638,0
0.354,	0,0,0,	-0.613317,0.787785,0
0.355,	0,0,0,	-0.618266,0.783902,0
0.356,	0,0,0,	-0.623189,0.779987,0
0.357,	0,0,0,	-0.628088,0.776041,0
0.358,	0,0,0,	-0.632962,0.772064,0
0.359,	0,0,0,	-0.637811,0.768057,0
0.36,	0,0,0,	-0.642634,0.76402,0
0.361,	0,0,0,	-0.647432,0.759952,0
0.362,	0,0,0,	-0.652205,0.755854,0
0.363,	0,0,0,	-0.656951,0.751726,0
0.364,	0,0,0,	-0.661672,0.747568,0
0.365,	0,0,0,	-0.666366,0.74338,0
0.366,	0,0,0,	-0.671034,0.739163,0
0.367,	0,0,0,	-0.675675,0.734917,0
0.368,	0,0,0,	-0.680289,0.730641,0
0.369,	0,0,0,	-0.684876,0.726337,0
0.37,	0,0,0,	-0.689436,0.722003,0
0.371,	0,0,0,	-0.693969,0.717641,0
0.372,	0,0,0,	-0.698474,0.713251,0
0.373,	0,0,0,	-0.702952,0.708832,0
0.374,	0,0,0,	-0.707402,0.704385,0
0.375,	0,0,0,	-0.711823,0.69991,0
0.376,	0,0,0,	-0.716216,0.695408,0
0.377,	0,0,0,	-0.720581,0.690877,0
0.378,	0,0,0,	-0.724918,0.68632,0
0.379,	0,0,0,	-0.729225,0.681735,0
0.38,	0,0,0,	-0.733504,0.677123,0
0.381,	0,0,0,	-0.737753,0.672484,0
0.382,	0,0,0,	-0.741973,0.667818,0
0.383,	0,0,0,	-0.746164,0.663126,0
0.384,	0,0,0,	-0.750325,0.658408,0
0.385,	0,0,0,	-0.754457,0.653664,0
0.386,	0,0,0,	-0.758558,0.648893,0
0.387,	0,0,0,	-0.762629,0.644097,0
0.388,	0,0,0,	-0.76667,0.639275,0
0.389,	0,0,0,	-0.770681,0.634428,0
0.39,	0,0,0,	-0.774661,0.629556,0
0.391,	0,0,0,	-0.77861,0.624659,0
0.392,	0,0,0,	-0.782529,0.619737,0
0.393,	0,0,0,	-0.786416,0.61479,0
0.394,	0,0,0,	-0.790272,0.609819,0
0.395,	0,0,0,	-0.794097,0.604824,0
0.396,	0,0,0,	-0.79789,0.599805,0
0.397,	0,0,0,	-0.801651,0.594762,0
0.398,	0,0,0,	-0.805381,0.589695,0
0.399,	0,0,0,	-0.809079,0.584605,0
0.4,	0,0,0,	-0.812745,0.579491,0
0.401,	0,0,0,	-0.816378,0.574355,0
0.402,	0,0,0,	-0.819979,0.569196,0
0.403,	0,0,0,	-0.823547,0.564014,0
0.404,	0,0,0,	-0.827083,0.55881,0
0.405,	0,0,0,	-0.830586,0.553584,0
0.406,	0,0,0,	-0.834056,0.548336,0
0.407,	0,0,0,	-0.837493,0.543066,0
0.408,	0,0,0,	-0.840896,0.537774,0
0.409,	0,0,0,	-0.844266,0.532461,0
0.41,	0,0,0,	-0.847603,0.527127,0
0.411,	0,0,0,	-0.850906,0.521772,0
0.412,	0,0,0,	-0.854175,0.516397,0
0.413,	0,0,0,	-0.857411,0.511001,0
0.414,	0,0,0,	-0.860612,0.505584,0
0.415,	0,0,0,	-0.863779,0.500148,0
0.416,	0,0,0,	-0.866912,0.494691,0
0.417,	0,0,0,	-0.87001,0.489215,0
0.418,	0,0,0,	-0.873074,0.48372,0
0.419,	0,0,0,	-0.876103,0.478205,0
0.42,	0,0,0,	-0.879098,0.472671,0
0.421,	0,0,0,	-0.882057,0.467119,0
0.422,	0,0,0,	-0.884982,0.461548,0
0.423,	0,0,0,	-0.887871,0.455959,0
0.424,	0,0,0,	-0.890725,0.450351,0
0.425,	0,0,0,	-0.893544,0.444726,0
0.426,	0,0,0,	-0.896327,0.439083,0
0.427,	0,0,0,	-0.899075,0.433423,0
0.428,	0,0,0,	-0.901787,0.427745,0
0.429,	0,0,0,	-0.904463,0.422051,0
0.43,	0,0,0,	-0.907103,0.416339,0
0.431,	0,0,0,	-0.909708,0.410611,0
0.432,	0,0,0,	-0.912276,0.404867,0
0.433,	0,0,0,	-0.914808,0.399107,0
0.434,	0,0,0,	-0.917303,0.393331,0
0.435,	0,0,0,	-0.919762,0.387539,0
0.436,	0,0,0,	-0.922185,0.381732,0
0.437,	0,0,0,	-0.924571,0.37591,0
0.438,	0,0,0,	-0.92692,0.370073,0
0.439,	0,0,0,	-0.929233,0.364221,0
0.44,	0,0,0,	-0.931509,0.358355,0
0.441,	0,0,0,	-0.933747,0.352474,0
0.442,	0,0,0,	-0.935949,0.346579,0
0.443,	0,0,0,	-0.938113,0.340671,0
0.444,	0,0,0,	-0.94024,0.334749,0
0.445,	0,0,0,	-0.94233,0.328814,0
0.446,	0,0,0,	-0.944382,0.322866,0
0.447,	0,0,0,	-0.946397,0.316905,0
0.448,	0,0,0,	-0.948374,0.310931,0
0.449,	0,0,0,	-0.950314,0.304945,0
0.45,	0,0,0,	-0.952216,0.298947,0
0.451,	0,0,0,	-0.95408,0.292937,0
0.452,	0,0,0,	-0.955906,0.286916,0
0.453,	0,0,0,	-0.957694,0.280883,0
0.454,	0,0,0,	-0.959445,0.274839,0
0.455,	0,0,0,	-0.961157,0.268784,0
0.456,	0,0,0,	-0.962831,0.262718,0
0.457,	0,0,0,	-0.964466,0.256642,0
0.458,	0,0,0,	-0.966064,0.250556,0
0.459,	0,0,0,	-0.967623,0.244459,0
0.46,	0,0,0,	-0.969143,0.238353,0
0.461,	0,0,0,	-0.970625,0.232238,0
0.462,	0,0,0,	-0.972069,0.226113,0
0.463,	0,0,0,	-0.973474,0.21998,0
0.464,	0,0,0,	-0.97484,0.213837,0
0.465,	0,0,0,	-0.976168,0.207686,0
0.466,	0,0,0,	-0.977456,0.201527,0
0.467,	0,0,0,	-0.978706,0.19536,0
0.468,	0,0,0,	-0.979917,0.189185,0
0.469,	0,0,0,	-0.98109,0.183003,0
0.47,	0,0,0,	-0.982223,0.176813,0
0.471,	0,0,0,	-0.983317,0.170617,0
0.472,	0,0,0,	-0.984372,0.164413,0
0.473,	0,0,0,	-0.985388,0.158203,0
0.474,	0,0,0,	-0.986365,0.151987,0
0.475,	0,0,0,	-0.987303,0.145765,0
0.476,	0,0,0,	-0.988201,0.139536,0
0.477,	0,0,0,	-0.989061,0.133303,0
0.478,	0,0,0,	-0.989881,0.127064,0
0.479,	0,0,0,	-0.990662,0.12082,0
0.48,	0,0,0,	-0.991403,0.114571,0
0.481,	0,0,0,	-0.992105,0.108318,0
0.482,	0,0,0,	-0.992767,0.10206,0
0.483,	0,0,0,	-0.993391,0.0957984,0
0.484,	0,0,0,	-0.993974,0.0895329,0
0.485,	0,0,0,	-0.994519,0.0832639,0
0.486,	0,0,0,	-0.995023,0.0769915,0
0.487,	0,0,0,	-0.995488,0.0707161,0
0.488,	0,0,0,	-0.995914,0.0644379,0
0.489,	0,0,0,	-0.9963,0.0581571,0
0.49,	0,0,0,	-0.996647,0.051874,0
0.491,	0,0,0,	-0.996954,0.0455888,0
0.492,	0,0,0,	-0.997221,0.0393019,0
0.493,	0,0,0,	-0.997449,0.0330134,0
0.494,	0,0,0,	-0.997637,0.0267235,0
0.495,	0,0,0,	-0.997785,0.0204326,0
0.496,	0,0,0,	-0.997894,0.0141409,0
0.497,	0,0,0,	-0.997964,0.00784865,0
0.498,	0,0,0,	-0.997993,0.00155607,0
0.499,	0,0,0,	-0.997983,-0.00473657,0
0.5,	0,0,0,	-0.997934,-0.011029,0
0.501,	0,0,0,	-0.997844,-0.017321,0
0.502,	0,0,0,	-0.997715,-0.0236124,0
0.503,	0,0,0,	-0.997547,-0.0299028,0
0.504,	0,0,0,	-0.997339,-0.036192,0
0.505,	0,0,0,	-0.997091,-0.0424797,0
0.506,	0,0,0,	-0.996804,-0.0487658,0
0.507,	0,0,0,	-0.996477,-0.05505,0
0.508,	0,0,0,	-0.99611,-0.0613319,0
0.509,	0,0,0,	-0.995704,-0.0676114,0
0.51,	0,0,0,	-0.995258,-0.0738883,0
0.511,	0,0,0,	-0.994773,-0.0801622,0
0.512,	0,0,0,	-0.994248,-0.0864329,0
0.513,	0,0,0,	-0.993684,-0.0927002,0
0.514,	0,0,0,	-0.993081,-0.0989638,0
0.515,	0,0,0,	-0.992437,-0.105223,0
0.516,	0,0,0,	-0.991755,-0.111479,0
0.517,	0,0,0,	-0.991033,-0.11773,0
0.518,	0,0,0,	-0.990272,-0.123976,0
0.519,	0,0,0,	-0.989471,-0.130218,0
0.52,	0,0,0,	-0.988631,-0.136454,0
0.521,	0,0,0,	-0.987752,-0.142685,0
0.522,	0,0,0,	-0.986834,-0.14891,0
0.523,	0,0,0,	-0.985876,-0.15513,0
0.524,	0,0,0,	-0.98488,-0.161343,0
0.525,	0,0,0,	-0.983844,-0.167549,0
0.526,	0,0,0,	-0.982769,-0.173749,0
0.527,	0,0,0,	-0.981655,-0.179943,0
0.528,	0,0,0,	-0.980502,-0.186129,0
0.529,	0,0,0,	-0.97931,-0.192307,0
0.53,	0,0,0,	-0.978079,-0.198478,0
0.531,	0,0,0,	-0.97681,-0.204641,0
0.532,	0,0,0,	-0.975501,-0.210796,0
0.533,	0,0,0,	-0.974154,-0.216943,0
0.534,	0,0,0,	-0.972768,-0.223081,0
0.535,	0,0,0,	-0.971344,-0.22921,0
0.536,	0,0,0,	-0.969881,-0.23533,0
0.537,	0,0,0,	-0.968379,-0.241441,0
0.538,	0,0,0,	-0.966839,-0.247542,0
0.539,	0,0,0,	-0.965261,-0.253633,0
0.54,	0,0,0,	-0.963644,-0.259714,0
0.541,	0,0,0,	-0.961989,-0.265785,0
0.542,	0,0,0,	-0.960296,-0.271846,0
0.543,	0,0,0,	-0.958565,-0.277895,0
0.544,	0,0,0,	-0.956795,-0.283934,0
0.545,	0,0,0,	-0.954988,-0.289961,0
0.546,	0,0,0,	-0.953143,-0.295977,0
0.547,	0,0,0,	-0.951259,-0.301981,0
0.548,	0,0,0,	-0.949338,-0.307972,0
0.549,	0,0,0,	-0.94738,-0.313952,0
0.55,	0,0,0,	-0.945383,-0.319919,0
0.551,	0,0,0,	-0.94335,-0.325874,0
0.552,	0,0,0,	-0.941278,-0.331816,0
0.553,	0,0,0,	-0.93917,-0.337744,0
0.554,	0,0,0,	-0.937024,-0.343659,0
0.555,	0,0,0,	-0.934841,-0.349561,0
0.556,	0,0,0,	-0.93262,-0.355448,0
0.557,	0,0,0,	-0.930363,-0.361321,0
0.558,	0,0,0,	-0.928069,-0.36718,0
0.559,	0,0,0,	-0.925738,-0.373025,0
0.56,	0,0,0,	-0.92337,-0.378855,0
0.561,	0,0,0,	-0.920965,-0.384669,0
0.562,	0,0,0,	-0.918524,-0.390468,0
0.563,	0,0,0,	-0.916047,-0.396252,0
0.564,	0,0,0,	-0.913533,-0.40202,0
0.565,	0,0,0,	-0.910982,-0.407773,0
0.566,	0,0,0,	-0.908396,-0.413508,0
0.567,	0,0,0,	-0.905774,-0.419228,0
0.568,	0,0,0,	-0.903115,-0.424931,0
0.569,	0,0,0,	-0.900421,-0.430617,0
0.57,	0,0,0,	-0.897691,-0.436286,0
0.571,	0,0,0,	-0.894925,-0.441937,0
0.572,	0,0,0,	-0.892124,-0.447571,0
0.573,	0,0,0,	-0.889287,-0.453188,0
0.574,	0,0,0,	-0.886415,-0.458786,0
0.575,	0,0,0,	-0.883508,-0.464366,0
0.576,	0,0,0,	-0.880566,-0.469928,0
0.577,	0,0,0,	-0.877589,-0.475471,0
0.578,	0,0,0,	-0.874577,-0.480995,0
0.579,	0,0,0,	-0.87153,-0.4865,0
0.58,	0,0,0,	-0.868449,-0.491985,0
0.581,	0,0,0,	-0.865333,-0.497451,0
0.582,	0,0,0,	-0.862183,-0.502898,0
0.583,	0,0,0,	-0.858998,-0.508324,0
0.584,	0,0,0,	-0.85578,-0.51373,0
0.585,	0,0,0,	-0.852527,-0.519116,0
0.586,	0,0,0,	-0.849241,-0.524482,0
0.587,	0,0,0,	-0.845921,-0.529826,0
0.588,	0,0,0,	-0.842567,-0.535149,0
0.589,	0,0,0,	-0.83918,-0.540452,0
0.59,	0,0,0,	-0.83576,-0.545732,0
0.591,	0,0,0,	-0.832306,-0.550991,0
0.592,	0,0,0,	-0.82882,-0.556228,0
0.593,	0,0,0,	-0.8253,-0.561443,0
0.594,	0,0,0,	-0.821748,-0.566636,0
0.595,	0,0,0,	-0.818163,-0.571807,0
0.596,	0,0,0,	-0.814546,-0.576954,0
0.597,	0,0,0,	-0.810896,-0.582079,0
0.598,	0,0,0,	-0.807214,-0.58718,0
0.599,	0,0,0,	-0.8035,-0.592259,0
0.6,	0,0,0,	-0.799754,-0.597313,0
0.601,	0,0,0,	-0.795977,-0.602344,0
0.602,	0,0,0,	-0.792168,-0.607352,0
0.603,	0,0,0,	-0.788327,-0.612335,0
0.604,	0,0,0,	-0.784455,-0.617293,0
0.605,	0,0,0,	-0.780552,-0.622228,0
0.606,	0,0,0,	-0.776618,-0.627137,0
0.607,	0,0,0,	-0.772653,-0.632022,0
0.608,	0,0,0,	-0.768658,-0.636881,0
0.609,	0,0,0,	-0.764632,-0.641716,0
0.61,	0,0,0,	-0.760575,-0.646524,0
0.611,	0,0,0,	-0.756489,-0.651308,0
0.612,	0,0,0,	-0.752372,-0.656065,0
0.613,	0,0,0,	-0.748226,-0.660796,0
0.614,	0,0,0,	-0.74405,-0.665501,0
0.615,	0,0,0,	-0.739844,-0.67018,0
0.616,	0,0,0,	-0.735609,-0.674832,0
0.617,	0,0,0,	-0.731345,-0.679457,0
0.618,	0,0,0,	-0.727052,-0.684055,0
0.619,	0,0,0,	-0.72273,-0.688627,0
0.62,	0,0,0,	-0.718379,-0.69317,0
0.621,	0,0,0,	-0.713999,-0.697687,0
0.622,	0,0,0,	-0.709592,-0.702175,0
0.623,	0,0,0,	-0.705156,-0.706636,0
0.624,	0,0,0,	-0.700692,-0.711069,0
0.625,	0,0,0,	-0.696201,-0.715473,0
0.626,	0,0,0,	-0.691682,-0.719849,0
0.627,	0,0,0,	-0.687135,-0.724197,0
0.628,	0,0,0,	-0.682561,-0.728516,0
0.629,	0,0,0,	-0.67796,-0.732806,0
0.63,	0,0,0,	-0.673332,-0.737067,0
0.631,	0,0,0,	-0.668678,-0.741298,0
0.632,	0,0,0,	-0.663997,-0.7455,0
0.633,	0,0,0,	-0.659289,-0.749673,0
0.634,	0,0,0,	-0.654556,-0.753816,0
0.635,	0,0,0,	-0.649796,-0.757929,0
0.636,	0,0,0,	-0.645011,-0.762012,0
0.637,	0,0,0,	-0.6402,-0.766064,0
0.638,	0,0,0,	-0.635363,-0.770086,0
0.639,	0,0,0,	-0.630502,-0.774078,0
0.64,	0,0,0,	-0.625615,-0.778039,0
0.641,	0,0,0,	-0.620704,-0.781969,0
0.642,	0,0,0,	-0.615768,-0.785868,0
0.643,	0,0,0,	-0.610807,-0.789736,0
0.644,	0,0,0,	-0.605823,-0.793573,0
0.645,	0,0,0,	-0.600814,-0.797378,0
0.646,	0,0,0,	-0.595781,-0.801151,0
0.647,	0,0,0,	-0.590725,-0.804893,0
0.648,	0,0,0,	-0.585646,-0.808603,0
0.649,	0,0,0,	-0.580543,-0.812281,0
0.65,	0,0,0,	-0.575417,-0.815926,0
0.651,	0,0,0,	-0.570268,-0.819539,0
0.652,	0,0,0,	-0.565097,-0.82312,0
0.653,	0,0,0,	-0.559903,-0.826668,0
0.654,	0,0,0,	-0.554687,-0.830183,0
0.655,	0,0,0,	-0.549449,-0.833665,0
0.656,	0,0,0,	-0.544189,-0.837114,0
0.657,	0,0,0,	-0.538908,-0.84053,0
0.658,	0,0,0,	-0.533605,-0.843913,0
0.659,	0,0,0,	-0.528282,-0.847262,0
0.66,	0,0,0,	-0.522937,-0.850578,0
0.661,	0,0,0,	-0.517571,-0.853859,0
0.662,	0,0,0,	-0.512185,-0.857107,0
0.663,	0,0,0,	-0.506779,-0.860321,0
0.664,	0,0,0,	-0.501352,-0.863501,0
0.665,	0,0,0,	-0.495906,-0.866647,0
0.666,	0,0,0,	-0.49044,-0.869758,0
0.667,	0,0,0,	-0.484954,-0.872835,0
0.668,	0,0,0,	-0.47945,-0.875877,0
0.669,	0,0,0,	-0.473926,-0.878884,0
0.67,	0,0,0,	-0.468383,-0.881857,0
0.671,	0,0,0,	-0.462822,-0.884794,0
0.672,	0,0,0,	-0.457243,-0.887697,0
0.673,	0,0,0,	-0.451645,-0.890564,0
0.674,	0,0,0,	-0.44603,-0.893396,0
0.675,	0,0,0,	-0.440397,-0.896193,0
0.676,	0,0,0,	-0.434746,-0.898954,0
0.677,	0,0,0,	-0.429078,-0.901679,0
0.678,	0,0,0,	-0.423393,-0.904369,0
0.679,	0,0,0,	-0.417692,-0.907022,0
0.68,	0,0,0,	-0.411973,-0.90964,0
0.681,	0,0,0,	-0.406239,-0.912222,0
0.682,	0,0,0,	-0.400488,-0.914768,0
0.683,	0,0,0,	-0.394722,-0.917277,0
0.684,	0,0,0,	-0.388939,-0.91975,0
0.685,	0,0,0,	-0.383142,-0.922186,0
0.686,	0,0,0,	-0.377329,-0.924586,0
0.687,	0,0,0,	-0.371501,-0.92695,0
0.688,	0,0,0,	-0.365659,-0.929276,0
0.689,	0,0,0,	-0.359802,-0.931566,0
0.69,	0,0,0,	-0.35393,-0.933819,0
0.691,	0,0,0,	-0.348045,-0.936034,0
0.692,	0,0,0,	-0.342146,-0.938213,0
0.693,	0,0,0,	-0.336233,-0.940354,0
0.694,	0,0,0,	-0.330308,-0.942459,0
0.695,	0,0,0,	-0.324368,-0.944525,0
0.696,	0,0,0,	-0.318417,-0.946555,0
0.697,	0,0,0,	-0.312452,-0.948547,0
0.698,	0,0,0,	-0.306475,-0.950501,0
0.699,	0,0,0,	-0.300486,-0.952418,0
0.7,	0,0,0,	-0.294485,-0.954296,0
0.701,	0,0,0,	-0.288472,-0.956137,0
0.702,	0,0,0,	-0.282448,-0.957941,0
0.703,	0,0,0,	-0.276413,-0.959706,0
0.704,	0,0,0,	-0.270367,-0.961433,0
0.705,	0,0,0,	-0.26431,-0.963122,0
0.706,	0,0,0,	-0.258243,-0.964773,0
0.707,	0,0,0,	-0.252165,-0.966385,0
0.708,	0,0,0,	-0.246077,-0.96796,0
0.709,	0,0,0,	-0.23998,-0.969496,0
0.71,	0,0,0,	-0.233873,-0.970993,0
0.711,	0,0,0,	-0.227757,-0.972452,0
0.712,	0,0,0,	-0.221632,-0.973873,0
0.713,	0,0,0,	-0.215498,-0.975255,0
0.714,	0,0,0,	-0.209355,-0.976598,0
0.715,	0,0,0,	-0.203204,-0.977903,0
0.716,	0,0,0,	-0.197045,-0.979169,0
0.717,	0,0,0,	-0.190879,-0.980396,0
0.718,	0,0,0,	-0.184705,-0.981584,0
0.719,	0,0,0,	-0.178523,-0.982733,0
0.72,	0,0,0,	-0.172334,-0.983844,0
0.721,	0,0,0,	-0.166139,-0.984915,0
0.722,	0,0,0,	-0.159937,-0.985948,0
0.723,	0,0,0,	-0.153729,-0.986941,0
0.724,	0,0,0,	-0.147514,-0.987895,0
0.725,	0,0,0,	-0.141294,-0.988811,0
0.726,	0,0,0,	-0.135068,-0.989686,0
0.727,	0,0,0,	-0.128837,-0.990523,0
0.728,	0,0,0,	-0.1226,-0.991321,0
0.729,	0,0,0,	-0.116359,-0.992079,0
0.73,	0,0,0,	-0.110113,-0.992798,0
0.731,	0,0,0,	-0.103863,-0.993478,0
0.732,	0,0,0,	-0.0976088,-0.994118,0
0.733,	0,0,0,	-0.0913506,-0.994719,0
0.734,	0,0,0,	-0.0850888,-0.99528,0
0.735,	0,0,0,	-0.0788237,-0.995802,0
0.736,	0,0,0,	-0.0725554,-0.996285,0
0.737,	0,0,0,	-0.0662843,-0.996728,0
0.738,	0,0,0,	-0.0600105,-0.997132,0
0.739,	0,0,0,	-0.0537344,-0.997496,0
0.74,	0,0,0,	-0.0474561,-0.997821,0
0.741,	0,0,0,	-0.041176,-0.998106,0
0.742,	0,0,0,	-0.0348942,-0.998352,0
0.743,	0,0,0,	-0.028611,-0.998558,0
0.744,	0,0,0,	-0.0223267,-0.998724,0
0.745,	0,0,0,	-0.0160415,-0.998851,0
0.746,	0,0,0,	-0.00975571,-0.998939,0
0.747,	0,0,0,	-0.00346951,-0.998987,0
0.748,	0,0,0,	0.00281683,-0.998995,0
0.749,	0,0,0,	0.00910306,-0.998964,0
0.75,	0,0,0,	0.0153889,-0.998893,0
0.751,	0,0,0,	0.0216742,-0.998783,0
0.752,	0,0,0,	0.0279586,-0.998633,0
0.753,	0,0,0,	0.0342419,-0.998444,0
0.754,	0,0,0,	0.0405238,-0.998215,0
0.755,	0,0,0,	0.0468042,-0.997946,0
0.756,	0,0,0,	0.0530826,-0.997638,0
0.757,	0,0,0,	0.059359,-0.997291,0
0.758,	0,0,0,	0.065633,-0.996904,0
0.759,	0,0,0,	0.0719045,-0.996478,0
0.76,	0,0,0,	0.0781731,-0.996012,0
0.761,	0,0,0,	0.0844386,-0.995506,0
0.762,	0,0,0,	0.0907007,-0.994962,0
0.763,	0,0,0,	0.0969593,-0.994378,0
0.764,	0,0,0,	0.103214,-0.993754,0
0.765,	0,0,0,	0.109465,-0.993091,0
0.766,	0,0,0,	0.115711,-0.992389,0
0.767,	0,0,0,	0.121953,-0.991648,0
0.768,	0,0,0,	0.12819,-0.990867,0
0.769,	0,0,0,	0.134421,-0.990048,0
0.77,	0,0,0,	0.140648,-0.989188,0
0.771,	0,0,0,	0.146869,-0.98829,0
0.772,	0,0,0,	0.153084,-0.987353,0
0.773,	0,0,0,	0.159293,-0.986377,0
0.774,	0,0,0,	0.165496,-0.985361,0
0.775,	0,0,0,	0.171692,-0.984307,0
0.776,	0,0,0,	0.177881,-0.983213,0
0.777,	0,0,0,	0.184064,-0.982081,0
0.778,	0,0,0,	0.190239,-0.98091,0
0.779,	0,0,0,	0.196406,-0.9797,0
0.78,	0,0,0,	0.202566,-0.978451,0
0.781,	0,0,0,	0.208718,-0.977164,0
0.782,	0,0,0,	0.214861,-0.975838,0
0.783,	0,0,0,	0.220996,-0.974473,0
0.784,	0,0,0,	0.227123,-0.97307,0
0.785,	0,0,0,	0.23324,-0.971628,0
0.786,	0,0,0,	0.239348,-0.970148,0
0.787,	0,0,0,	0.245447,-0.968629,0
0.788,	0,0,0,	0.251535,-0.967072,0
0.789,	0,0,0,	0.257614,-0.965477,0
0.79,	0,0,0,	0.263683,-0.963843,0
0.791,	0,0,0,	0.269741,-0.962172,0
0.792,	0,0,0,	0.275789,-0.960462,0
0.793,	0,0,0,	0.281826,-0.958714,0
0.794,	0,0,0,	0.287851,-0.956929,0
0.795,	0,0,0,	0.293865,-0.955105,0
0.796,	0,0,0,	0.299868,-0.953244,0
0.797,	0,0,0,	0.305858,-0.951345,0
0.798,	0,0,0,	0.311837,-0.949409,0
0.799,	0,0,0,	0.317803,-0.947434,0
0.8,	0,0,0,	0.323757,-0.945423,0
0.801,	0,0,0,	0.329698,-0.943374,0
0.802,	0,0,0,	0.335626,-0.941288,0
0.803,	0,0,0,	0.34154,-0.939164,0
0.804,	0,0,0,	0.347441,-0.937003,0
0.805,	0,0,0,	0.353328,-0.934805,0
0.806,	0,0,0,	0.359202,-0.932571,0
0.807,	0,0,0,	0.365061,-0.930299,0
0.808,	0,0,0,	0.370906,-0.927991,0
0.809,	0,0,0,	0.376736,-0.925646,0
0.81,	0,0,0,	0.382551,-0.923264,0
0.811,	0,0,0,	0.388351,-0.920845,0
0.812,	0,0,0,	0.394135,-0.918391,0
0.813,	0,0,0,	0.399904,-0.9159,0
0.814,	0,0,0,	0.405657,-0.913373,0
0.815,	0,0,0,	0.411394,-0.910809,0
0.816,	0,0,0,	0.417115,-0.90821,0
0.817,	0,0,0,	0.42282,-0.905574,0
0.818,	0,0,0,	0.428507,-0.902903,0
0.819,	0,0,0,	0.434178,-0.900197,0
0.82,	0,0,0,	0.439832,-0.897454,0
0.821,	0,0,0,	0.445468,-0.894676,0
0.822,	0,0,0,	0.451086,-0.891863,0
0.823,	0,0,0,	0.456687,-0.889014,0
0.824,	0,0,0,	0.46227,-0.886131,0
0.825,	0,0,0,	0.467834,-0.883212,0
0.826,	0,0,0,	0.47338,-0.880258,0
0.827,	0,0,0,	0.478907,-0.87727,0
0.828,	0,0,0,	0.484415,-0.874247,0
0.829,	0,0,0,	0.489904,-0.871189,0
0.83,	0,0,0,	0.495374,-0.868097,0
0.831,	0,0,0,	0.500824,-0.86497,0
0.832,	0,0,0,	0.506254,-0.861809,0
0.833,	0,0,0,	0.511665,-0.858615,0
0.834,	0,0,0,	0.517055,-0.855386,0
0.835,	0,0,0,	0.522424,-0.852123,0
0.836,	0,0,0,	0.527773,-0.848827,0
0.837,	0,0,0,	0.533101,-0.845497,0
0.838,	0,0,0,	0.538408,-0.842134,0
0.839,	0,0,0,	0.543694,-0.838738,0
0.84,	0,0,0,	0.548958,-0.835308,0
0.841,	0,0,0,	0.554201,-0.831845,0
0.842,	0,0,0,	0.559422,-0.82835,0
0.843,	0,0,0,	0.56462,-0.824821,0
0.844,	0,0,0,	0.569796,-0.821261,0
0.845,	0,0,0,	0.57495,-0.817667,0
0.846,	0,0,0,	0.580081,-0.814041,0
0.847,	0,0,0,	0.585189,-0.810384,0
0.848,	0,0,0,	0.590274,-0.806694,0
0.849,	0,0,0,	0.595335,-0.802972,0
0.85,	0,0,0,	0.600373,-0.799218,0
0.851,	0,0,0,	0.605388,-0.795433,0
0.852,	0,0,0,	0.610378,-0.791617,0
0.853,	0,0,0,	0.615344,-0.787769,0
0.854,	0,0,0,	0.620286,-0.78389,0
0.855,	0,0,0,	0.625203,-0.77998,0
0.856,	0,0,0,	0.630096,-0.776039,0
0.857,	0,0,0,	0.634964,-0.772067,0
0.858,	0,0,0,	0.639807,-0.768066,0
0.859,	0,0,0,	0.644624,-0.764033,0
0.86,	0,0,0,	0.649416,-0.759971,0
0.861,	0,0,0,	0.654182,-0.755878,0
0.862,	0,0,0,	0.658923,-0.751756,0
0.863,	0,0,0,	0.663637,-0.747603,0
0.864,	0,0,0,	0.668325,-0.743422,0
0.865,	0,0,0,	0.672987,-0.739211,0
0.866,	0,0,0,	0.677622,-0.73497,0
0.867,	0,0,0,	0.68223,-0.730701,0
0.868,	0,0,0,	0.686812,-0.726403,0
0.869,	0,0,0,	0.691366,-0.722076,0
0.87,	0,0,0,	0.695893,-0.71772,0
0.871,	0,0,0,	0.700392,-0.713337,0
0.872,	0,0,0,	0.704864,-0.708925,0
0.873,	0,0,0,	0.709308,-0.704485,0
0.874,	0,0,0,	0.713724,-0.700017,0
0.875,	0,0,0,	0.718112,-0.695521,0
0.876,	0,0,0,	0.722471,-0.690998,0
0.877,	0,0,0,	0.726802,-0.686448,0
0.878,	0,0,0,	0.731104,-0.681871,0
0.879,	0,0,0,	0.735377,-0.677266,0
0.88,	0,0,0,	0.739621,-0.672635,0
0.881,	0,0,0,	0.743836,-0.667978,0
0.882,	0,0,0,	0.748021,-0.663293,0
0.883,	0,0,0,	0.752177,-0.658583,0
0.884,	0,0,0,	0.756304,-0.653847,0
0.885,	0,0,0,	0.7604,-0.649085,0
0.886,	0,0,0,	0.764466,-0.644297,0
0.887,	0,0,0,	0.768502,-0.639484,0
0.888,	0,0,0,	0.772508,-0.634645,0
0.889,	0,0,0,	0.776483,-0.629782,0
0.89,	0,0,0,	0.780428,-0.624893,0
0.891,	0,0,0,	0.784342,-0.61998,0
0.892,	0,0,0,	0.788224,-0.615043,0
0.893,	0,0,0,	0.792076,-0.610081,0
0.894,	0,0,0,	0.795896,-0.605095,0
0.895,	0,0,0,	0.799685,-0.600085,0
0.896,	0,0,0,	0.803442,-0.595051,0
0.897,	0,0,0,	0.807168,-0.589994,0
0.898,	0,0,0,	0.810862,-0.584914,0
0.899,	0,0,0,	0.814523,-0.57981,0
0.9,	0,0,0,	0.818153,-0.574684,0
0.901,	0,0,0,	0.82175,-0.569534,0
0.902,	0,0,0,	0.825315,-0.564363,0
0.903,	0,0,0,	0.828847,-0.559169,0
0.904,	0,0,0,	0.832346,-0.553953,0
0.905,	0,0,0,	0.835812,-0.548715,0
0.906,	0,0,0,	0.839246,-0.543455,0
0.907,	0,0,0,	0.842646,-0.538174,0
0.908,	0,0,0,	0.846013,-0.532872,0
0.909,	0,0,0,	0.849347,-0.527549,0
0.91,	0,0,0,	0.852647,-0.522205,0
0.911,	0,0,0,	0.855913,-0.51684,0
0.912,	0,0,0,	0.859146,-0.511455,0
0.913,	0,0,0,	0.862344,-0.506049,0
0.914,	0,0,0,	0.865509,-0.500624,0
0.915,	0,0,0,	0.868639,-0.495179,0
0.916,	0,0,0,	0.871736,-0.489714,0
0.917,	0,0,0,	0.874797,-0.48423,0
0.918,	0,0,0,	0.877824,-0.478727,0
0.919,	0,0,0,	0.880817,-0.473204,0
0.92,	0,0,0,	0.883775,-0.467664,0
0.921,	0,0,0,	0.886697,-0.462104,0
0.922,	0,0,0,	0.889585,-0.456527,0
0.923,	0,0,0,	0.892438,-0.450931,0
0.924,	0,0,0,	0.895255,-0.445318,0
0.925,	0,0,0,	0.898037,-0.439687,0
0.926,	0,0,0,	0.900784,-0.434039,0
0.927,	0,0,0,	0.903495,-0.428373,0
0.928,	0,0,0,	0.90617,-0.422691,0
0.929,	0,0,0,	0.908809,-0.416992,0
0.93,	0,0,0,	0.911413,-0.411277,0
0.931,	0,0,0,	0.913981,-0.405545,0
0.932,	0,0,0,	0.916512,-0.399797,0
0.933,	0,0,0,	0.919008,-0.394033,0
0.934,	0,0,0,	0.921467,-0.388254,0
0.935,	0,0,0,	0.923889,-0.38246,0
0.936,	0,0,0,	0.926276,-0.37665,0
0.937,	0,0,0,	0.928625,-0.370826,0
0.938,	0,0,0,	0.930938,-0.364987,0
0.939,	0,0,0,	0.933214,-0.359133,0
0.94,	0,0,0,	0.935454,-0.353266,0
0.941,	0,0,0,	0.937656,-0.347384,0
0.942,	0,0,0,	0.939822,-0.341489,0
0.943,	0,0,0,	0.94195,-0.33558,0
0.944,	0,0,0,	0.944041,-0.329658,0
0.945,	0,0,0,	0.946095,-0.323723,0
0.946,	0,0,0,	0.948111,-0.317775,0
0.947,	0,0,0,	0.95009,-0.311815,0
0.948,	0,0,0,	0.952032,-0.305842,0
0.949,	0,0,0,	0.953936,-0.299857,0
0.95,	0,0,0,	0.955802,-0.293861,0
0.951,	0,0,0,	0.95763,-0.287852,0
0.952,	0,0,0,	0.959421,-0.281833,0
0.953,	0,0,0,	0.961174,-0.275802,0
0.954,	0,0,0,	0.962889,-0.26976,0
0.955,	0,0,0,	0.964566,-0.263708,0
0.956,	0,0,0,	0.966204,-0.257646,0
0.957,	0,0,0,	0.967805,-0.251573,0
0.958,	0,0,0,	0.969367,-0.24549,0
0.959,	0,0,0,	0.970892,-0.239397,0
0.96,	0,0,0,	0.972377,-0.233296,0
0.961,	0,0,0,	0.973825,-0.227184,0
0.962,	0,0,0,	0.975234,-0.221064,0
0.963,	0,0,0,	0.976604,-0.214935,0
0.964,	0,0,0,	0.977936,-0.208798,0
0.965,	0,0,0,	0.979229,-0.202653,0
0.966,	0,0,0,	0.980484,-0.196499,0
0.967,	0,0,0,	0.9817,-0.190338,0
0.968,	0,0,0,	0.982877,-0.184169,0
0.969,	0,0,0,	0.984015,-0.177993,0
0.97,	0,0,0,	0.985115,-0.17181,0
0.971,	0,0,0,	0.986176,-0.16562,0
0.972,	0,0,0,	0.987197,-0.159423,0
0.973,	0,0,0,	0.98818,-0.153221,0
0.974,	0,0,0,	0.989124,-0.147012,0
0.975,	0,0,0,	0.990028,-0.140797,0
0.976,	0,0,0,	0.990894,-0.134577,0
0.977,	0,0,0,	0.99172,-0.128352,0
0.978,	0,0,0,	0.992508,-0.122121,0
0.979,	0,0,0,	0.993256,-0.115886,0
0.98,	0,0,0,	0.993965,-0.109646,0
0.981,	0,0,0,	0.994634,-0.103401,0
0.982,	0,0,0,	0.995265,-0.0971531,0
0.983,	0,0,0,	0.995856,-0.090901,0
0.984,	0,0,0,	0.996408,-0.0846452,0
0.985,	0,0,0,	0.99692,-0.0783861,0
0.986,	0,0,0,	0.997393,-0.0721239,0
0.987,	0,0,0,	0.997827,-0.0658588,0
0.988,	0,0,0,	0.998221,-0.0595912,0
0.989,	0,0,0,	0.998576,-0.0533212,0
0.99,	0,0,0,	0.998891,-0.047049,0
0.991,	0,0,0,	0.999168,-0.0407751,0
0.992,	0,0,0,	0.999404,-0.0344995,0
0.993,	0,0,0,	0.999601,-0.0282226,0
0.994,	0,0,0,	0.999759,-0.0219445,0
0.995,	0,0,0,	0.999877,-0.0156656,0
0.996,	0,0,0,	0.999956,-0.00938606,0
0.997,	0,0,0,	0.999995,-0.00310615,0
0.998,	0,0,0,	0.999995,0.00317388,0
0.999,	0,0,0,	0.999955,0.00945379,0
