Simulation of solar system over 1.6 years, with 1600 iterations, using verlet´s method.
Time 	sun	 	earth	 	
0,	0,0,0,	0.99998,0.007,0
0.001,	0,0,0,	0.999921,0.0139997,0
0.002,	0,0,0,	0.999822,0.0209989,0
0.003,	0,0,0,	0.999684,0.0279972,0
0.004,	0,0,0,	0.999507,0.0349945,0
0.005,	0,0,0,	0.99929,0.0419903,0
0.006,	0,0,0,	0.999033,0.0489845,0
0.007,	0,0,0,	0.998737,0.0559768,0
0.008,	0,0,0,	0.998402,0.0629669,0
0.009,	0,0,0,	0.998027,0.0699544,0
0.01,	0,0,0,	0.997613,0.0769392,0
0.011,	0,0,0,	0.99716,0.083921,0
0.012,	0,0,0,	0.996667,0.0908995,0
0.013,	0,0,0,	0.996135,0.0978744,0
0.014,	0,0,0,	0.995564,0.104845,0
0.015,	0,0,0,	0.994954,0.111812,0
0.016,	0,0,0,	0.994305,0.118775,0
0.017,	0,0,0,	0.993616,0.125733,0
0.018,	0,0,0,	0.992889,0.132686,0
0.019,	0,0,0,	0.992122,0.139633,0
0.02,	0,0,0,	0.991317,0.146576,0
0.021,	0,0,0,	0.990472,0.153512,0
0.022,	0,0,0,	0.989589,0.160443,0
0.023,	0,0,0,	0.988667,0.167367,0
0.024,	0,0,0,	0.987706,0.174284,0
0.025,	0,0,0,	0.986707,0.181195,0
0.026,	0,0,0,	0.985669,0.188099,0
0.027,	0,0,0,	0.984593,0.194995,0
0.028,	0,0,0,	0.983478,0.201884,0
0.029,	0,0,0,	0.982325,0.208765,0
0.03,	0,0,0,	0.981133,0.215637,0
0.031,	0,0,0,	0.979903,0.222502,0
0.032,	0,0,0,	0.978636,0.229357,0
0.033,	0,0,0,	0.97733,0.236204,0
0.034,	0,0,0,	0.975986,0.243042,0
0.035,	0,0,0,	0.974604,0.24987,0
0.036,	0,0,0,	0.973185,0.256688,0
0.037,	0,0,0,	0.971727,0.263497,0
0.038,	0,0,0,	0.970233,0.270295,0
0.039,	0,0,0,	0.9687,0.277083,0
0.04,	0,0,0,	0.967131,0.28386,0
0.041,	0,0,0,	0.965524,0.290627,0
0.042,	0,0,0,	0.96388,0.297382,0
0.043,	0,0,0,	0.962198,0.304125,0
0.044,	0,0,0,	0.96048,0.310857,0
0.045,	0,0,0,	0.958725,0.317577,0
0.046,	0,0,0,	0.956934,0.324285,0
0.047,	0,0,0,	0.955105,0.330981,0
0.048,	0,0,0,	0.95324,0.337663,0
0.049,	0,0,0,	0.951339,0.344333,0
0.05,	0,0,0,	0.949401,0.35099,0
0.051,	0,0,0,	0.947428,0.357633,0
0.052,	0,0,0,	0.945418,0.364263,0
0.053,	0,0,0,	0.943372,0.370879,0
0.054,	0,0,0,	0.941291,0.377481,0
0.055,	0,0,0,	0.939174,0.384069,0
0.056,	0,0,0,	0.937022,0.390642,0
0.057,	0,0,0,	0.934834,0.3972,0
0.058,	0,0,0,	0.932611,0.403744,0
0.059,	0,0,0,	0.930353,0.410272,0
0.06,	0,0,0,	0.92806,0.416785,0
0.061,	0,0,0,	0.925732,0.423282,0
0.062,	0,0,0,	0.923369,0.429763,0
0.063,	0,0,0,	0.920972,0.436229,0
0.064,	0,0,0,	0.918541,0.442678,0
0.065,	0,0,0,	0.916075,0.44911,0
0.066,	0,0,0,	0.913576,0.455526,0
0.067,	0,0,0,	0.911042,0.461925,0
0.068,	0,0,0,	0.908475,0.468307,0
0.069,	0,0,0,	0.905874,0.474671,0
0.07,	0,0,0,	0.90324,0.481018,0
0.071,	0,0,0,	0.900572,0.487348,0
0.072,	0,0,0,	0.897871,0.493659,0
0.073,	0,0,0,	0.895138,0.499952,0
0.074,	0,0,0,	0.892371,0.506227,0
0.075,	0,0,0,	0.889572,0.512483,0
0.076,	0,0,0,	0.886741,0.518721,0
0.077,	0,0,0,	0.883877,0.52494,0
0.078,	0,0,0,	0.880981,0.53114,0
0.079,	0,0,0,	0.878053,0.53732,0
0.08,	0,0,0,	0.875094,0.543481,0
0.081,	0,0,0,	0.872102,0.549623,0
0.082,	0,0,0,	0.86908,0.555744,0
0.083,	0,0,0,	0.866026,0.561846,0
0.084,	0,0,0,	0.862941,0.567927,0
0.085,	0,0,0,	0.859825,0.573989,0
0.086,	0,0,0,	0.856678,0.580029,0
0.087,	0,0,0,	0.853501,0.586049,0
0.088,	0,0,0,	0.850294,0.592048,0
0.089,	0,0,0,	0.847056,0.598026,0
0.09,	0,0,0,	0.843788,0.603983,0
0.091,	0,0,0,	0.840491,0.609919,0
0.092,	0,0,0,	0.837164,0.615833,0
0.093,	0,0,0,	0.833807,0.621725,0
0.094,	0,0,0,	0.830421,0.627596,0
0.095,	0,0,0,	0.827006,0.633444,0
0.096,	0,0,0,	0.823562,0.639271,0
0.097,	0,0,0,	0.82009,0.645075,0
0.098,	0,0,0,	0.816589,0.650857,0
0.099,	0,0,0,	0.81306,0.656616,0
0.1,	0,0,0,	0.809502,0.662353,0
0.101,	0,0,0,	0.805917,0.668066,0
0.102,	0,0,0,	0.802304,0.673757,0
0.103,	0,0,0,	0.798663,0.679425,0
0.104,	0,0,0,	0.794995,0.685069,0
0.105,	0,0,0,	0.7913,0.69069,0
0.106,	0,0,0,	0.787578,0.696287,0
0.107,	0,0,0,	0.783829,0.701861,0
0.108,	0,0,0,	0.780054,0.707411,0
0.109,	0,0,0,	0.776252,0.712937,0
0.11,	0,0,0,	0.772424,0.718439,0
0.111,	0,0,0,	0.76857,0.723916,0
0.112,	0,0,0,	0.76469,0.72937,0
0.113,	0,0,0,	0.760785,0.734799,0
0.114,	0,0,0,	0.756854,0.740204,0
0.115,	0,0,0,	0.752898,0.745584,0
0.116,	0,0,0,	0.748918,0.750939,0
0.117,	0,0,0,	0.744912,0.756269,0
0.118,	0,0,0,	0.740882,0.761575,0
0.119,	0,0,0,	0.736827,0.766855,0
0.12,	0,0,0,	0.732748,0.77211,0
0.121,	0,0,0,	0.728645,0.77734,0
0.122,	0,0,0,	0.724519,0.782545,0
0.123,	0,0,0,	0.720369,0.787724,0
0.124,	0,0,0,	0.716195,0.792877,0
0.125,	0,0,0,	0.711998,0.798005,0
0.126,	0,0,0,	0.707779,0.803107,0
0.127,	0,0,0,	0.703536,0.808183,0
0.128,	0,0,0,	0.699271,0.813234,0
0.129,	0,0,0,	0.694984,0.818258,0
0.13,	0,0,0,	0.690674,0.823256,0
0.131,	0,0,0,	0.686343,0.828228,0
0.132,	0,0,0,	0.681989,0.833174,0
0.133,	0,0,0,	0.677614,0.838093,0
0.134,	0,0,0,	0.673218,0.842986,0
0.135,	0,0,0,	0.668801,0.847852,0
0.136,	0,0,0,	0.664362,0.852692,0
0.137,	0,0,0,	0.659903,0.857505,0
0.138,	0,0,0,	0.655423,0.862292,0
0.139,	0,0,0,	0.650923,0.867051,0
0.14,	0,0,0,	0.646403,0.871784,0
0.141,	0,0,0,	0.641863,0.87649,0
0.142,	0,0,0,	0.637303,0.881169,0
0.143,	0,0,0,	0.632723,0.885821,0
0.144,	0,0,0,	0.628124,0.890446,0
0.145,	0,0,0,	0.623506,0.895043,0
0.146,	0,0,0,	0.618869,0.899613,0
0.147,	0,0,0,	0.614213,0.904157,0
0.148,	0,0,0,	0.609539,0.908672,0
0.149,	0,0,0,	0.604846,0.913161,0
0.15,	0,0,0,	0.600135,0.917622,0
0.151,	0,0,0,	0.595406,0.922055,0
0.152,	0,0,0,	0.59066,0.926461,0
0.153,	0,0,0,	0.585895,0.930839,0
0.154,	0,0,0,	0.581114,0.93519,0
0.155,	0,0,0,	0.576315,0.939513,0
0.156,	0,0,0,	0.571499,0.943808,0
0.157,	0,0,0,	0.566666,0.948076,0
0.158,	0,0,0,	0.561817,0.952316,0
0.159,	0,0,0,	0.556952,0.956528,0
0.16,	0,0,0,	0.55207,0.960712,0
0.161,	0,0,0,	0.547172,0.964868,0
0.162,	0,0,0,	0.542258,0.968997,0
0.163,	0,0,0,	0.537329,0.973097,0
0.164,	0,0,0,	0.532384,0.977169,0
0.165,	0,0,0,	0.527424,0.981214,0
0.166,	0,0,0,	0.522449,0.98523,0
0.167,	0,0,0,	0.517459,0.989219,0
0.168,	0,0,0,	0.512454,0.993179,0
0.169,	0,0,0,	0.507435,0.997111,0
0.17,	0,0,0,	0.502402,1.00102,0
0.171,	0,0,0,	0.497354,1.00489,0
0.172,	0,0,0,	0.492293,1.00874,0
0.173,	0,0,0,	0.487218,1.01256,0
0.174,	0,0,0,	0.482129,1.01635,0
0.175,	0,0,0,	0.477027,1.02011,0
0.176,	0,0,0,	0.471911,1.02385,0
0.177,	0,0,0,	0.466783,1.02756,0
0.178,	0,0,0,	0.461642,1.03123,0
0.179,	0,0,0,	0.456488,1.03489,0
0.18,	0,0,0,	0.451322,1.03851,0
0.181,	0,0,0,	0.446143,1.0421,0
0.182,	0,0,0,	0.440953,1.04567,0
0.183,	0,0,0,	0.43575,1.0492,0
0.184,	0,0,0,	0.430536,1.05271,0
0.185,	0,0,0,	0.42531,1.0562,0
0.186,	0,0,0,	0.420073,1.05965,0
0.187,	0,0,0,	0.414824,1.06307,0
0.188,	0,0,0,	0.409565,1.06647,0
0.189,	0,0,0,	0.404295,1.06984,0
0.19,	0,0,0,	0.399014,1.07318,0
0.191,	0,0,0,	0.393722,1.07649,0
0.192,	0,0,0,	0.388421,1.07977,0
0.193,	0,0,0,	0.383109,1.08303,0
0.194,	0,0,0,	0.377787,1.08625,0
0.195,	0,0,0,	0.372455,1.08945,0
0.196,	0,0,0,	0.367114,1.09262,0
0.197,	0,0,0,	0.361763,1.09577,0
0.198,	0,0,0,	0.356403,1.09888,0
0.199,	0,0,0,	0.351034,1.10197,0
0.2,	0,0,0,	0.345656,1.10502,0
0.201,	0,0,0,	0.340269,1.10805,0
0.202,	0,0,0,	0.334873,1.11106,0
0.203,	0,0,0,	0.329469,1.11403,0
0.204,	0,0,0,	0.324057,1.11698,0
0.205,	0,0,0,	0.318636,1.11989,0
0.206,	0,0,0,	0.313208,1.12278,0
0.207,	0,0,0,	0.307772,1.12564,0
0.208,	0,0,0,	0.302328,1.12848,0
0.209,	0,0,0,	0.296877,1.13128,0
0.21,	0,0,0,	0.291418,1.13406,0
0.211,	0,0,0,	0.285952,1.13681,0
0.212,	0,0,0,	0.280479,1.13953,0
0.213,	0,0,0,	0.274999,1.14223,0
0.214,	0,0,0,	0.269513,1.14489,0
0.215,	0,0,0,	0.26402,1.14753,0
0.216,	0,0,0,	0.258521,1.15014,0
0.217,	0,0,0,	0.253015,1.15273,0
0.218,	0,0,0,	0.247504,1.15528,0
0.219,	0,0,0,	0.241986,1.15781,0
0.22,	0,0,0,	0.236463,1.16031,0
0.221,	0,0,0,	0.230934,1.16278,0
0.222,	0,0,0,	0.225399,1.16523,0
0.223,	0,0,0,	0.21986,1.16765,0
0.224,	0,0,0,	0.214315,1.17004,0
0.225,	0,0,0,	0.208765,1.1724,0
0.226,	0,0,0,	0.20321,1.17473,0
0.227,	0,0,0,	0.19765,1.17704,0
0.228,	0,0,0,	0.192086,1.17932,0
0.229,	0,0,0,	0.186518,1.18158,0
0.23,	0,0,0,	0.180945,1.1838,0
0.231,	0,0,0,	0.175368,1.186,0
0.232,	0,0,0,	0.169787,1.18817,0
0.233,	0,0,0,	0.164202,1.19032,0
0.234,	0,0,0,	0.158613,1.19243,0
0.235,	0,0,0,	0.153021,1.19453,0
0.236,	0,0,0,	0.147425,1.19659,0
0.237,	0,0,0,	0.141826,1.19862,0
0.238,	0,0,0,	0.136224,1.20063,0
0.239,	0,0,0,	0.130618,1.20262,0
0.24,	0,0,0,	0.12501,1.20457,0
0.241,	0,0,0,	0.119399,1.2065,0
0.242,	0,0,0,	0.113785,1.2084,0
0.243,	0,0,0,	0.108169,1.21028,0
0.244,	0,0,0,	0.102551,1.21213,0
0.245,	0,0,0,	0.0969299,1.21395,0
0.246,	0,0,0,	0.091307,1.21575,0
0.247,	0,0,0,	0.0856822,1.21752,0
0.248,	0,0,0,	0.0800554,1.21926,0
0.249,	0,0,0,	0.0744269,1.22098,0
0.25,	0,0,0,	0.0687968,1.22267,0
0.251,	0,0,0,	0.0631653,1.22433,0
0.252,	0,0,0,	0.0575324,1.22597,0
0.253,	0,0,0,	0.0518982,1.22758,0
0.254,	0,0,0,	0.046263,1.22917,0
0.255,	0,0,0,	0.0406267,1.23072,0
0.256,	0,0,0,	0.0349896,1.23226,0
0.257,	0,0,0,	0.0293518,1.23377,0
0.258,	0,0,0,	0.0237134,1.23525,0
0.259,	0,0,0,	0.0180744,1.2367,0
0.26,	0,0,0,	0.0124351,1.23813,0
0.261,	0,0,0,	0.00679554,1.23954,0
0.262,	0,0,0,	0.00115582,1.24091,0
0.263,	0,0,0,	-0.00448392,1.24227,0
0.264,	0,0,0,	-0.0101236,1.24359,0
0.265,	0,0,0,	-0.015763,1.2449,0
0.266,	0,0,0,	-0.0214021,1.24617,0
0.267,	0,0,0,	-0.0270408,1.24742,0
0.268,	0,0,0,	-0.0326789,1.24865,0
0.269,	0,0,0,	-0.0383164,1.24985,0
0.27,	0,0,0,	-0.0439531,1.25102,0
0.271,	0,0,0,	-0.0495889,1.25217,0
0.272,	0,0,0,	-0.0552237,1.2533,0
0.273,	0,0,0,	-0.0608574,1.2544,0
0.274,	0,0,0,	-0.0664899,1.25547,0
0.275,	0,0,0,	-0.0721211,1.25652,0
0.276,	0,0,0,	-0.0777509,1.25755,0
0.277,	0,0,0,	-0.0833791,1.25855,0
0.278,	0,0,0,	-0.0890057,1.25952,0
0.279,	0,0,0,	-0.0946305,1.26047,0
0.28,	0,0,0,	-0.100253,1.2614,0
0.281,	0,0,0,	-0.105875,1.2623,0
0.282,	0,0,0,	-0.111493,1.26317,0
0.283,	0,0,0,	-0.11711,1.26403,0
0.284,	0,0,0,	-0.122725,1.26485,0
0.285,	0,0,0,	-0.128337,1.26566,0
0.286,	0,0,0,	-0.133947,1.26644,0
0.287,	0,0,0,	-0.139554,1.26719,0
0.288,	0,0,0,	-0.145158,1.26792,0
0.289,	0,0,0,	-0.15076,1.26863,0
0.29,	0,0,0,	-0.156359,1.26931,0
0.291,	0,0,0,	-0.161955,1.26997,0
0.292,	0,0,0,	-0.167548,1.27061,0
0.293,	0,0,0,	-0.173138,1.27122,0
0.294,	0,0,0,	-0.178724,1.2718,0
0.295,	0,0,0,	-0.184307,1.27237,0
0.296,	0,0,0,	-0.189887,1.27291,0
0.297,	0,0,0,	-0.195463,1.27342,0
0.298,	0,0,0,	-0.201036,1.27392,0
0.299,	0,0,0,	-0.206605,1.27439,0
0.3,	0,0,0,	-0.21217,1.27483,0
0.301,	0,0,0,	-0.217731,1.27526,0
0.302,	0,0,0,	-0.223289,1.27566,0
0.303,	0,0,0,	-0.228842,1.27603,0
0.304,	0,0,0,	-0.234391,1.27638,0
0.305,	0,0,0,	-0.239936,1.27671,0
0.306,	0,0,0,	-0.245477,1.27702,0
0.307,	0,0,0,	-0.251013,1.27731,0
0.308,	0,0,0,	-0.256544,1.27757,0
0.309,	0,0,0,	-0.262071,1.27781,0
0.31,	0,0,0,	-0.267594,1.27802,0
0.311,	0,0,0,	-0.273111,1.27821,0
0.312,	0,0,0,	-0.278624,1.27839,0
0.313,	0,0,0,	-0.284132,1.27853,0
0.314,	0,0,0,	-0.289635,1.27866,0
0.315,	0,0,0,	-0.295133,1.27876,0
0.316,	0,0,0,	-0.300626,1.27884,0
0.317,	0,0,0,	-0.306113,1.2789,0
0.318,	0,0,0,	-0.311595,1.27894,0
0.319,	0,0,0,	-0.317072,1.27895,0
0.32,	0,0,0,	-0.322543,1.27894,0
0.321,	0,0,0,	-0.328009,1.27891,0
0.322,	0,0,0,	-0.333469,1.27886,0
0.323,	0,0,0,	-0.338924,1.27879,0
0.324,	0,0,0,	-0.344372,1.27869,0
0.325,	0,0,0,	-0.349815,1.27858,0
0.326,	0,0,0,	-0.355252,1.27844,0
0.327,	0,0,0,	-0.360683,1.27828,0
0.328,	0,0,0,	-0.366107,1.27809,0
0.329,	0,0,0,	-0.371526,1.27789,0
0.33,	0,0,0,	-0.376938,1.27767,0
0.331,	0,0,0,	-0.382344,1.27742,0
0.332,	0,0,0,	-0.387744,1.27715,0
0.333,	0,0,0,	-0.393137,1.27686,0
0.334,	0,0,0,	-0.398524,1.27655,0
0.335,	0,0,0,	-0.403904,1.27622,0
0.336,	0,0,0,	-0.409278,1.27587,0
0.337,	0,0,0,	-0.414645,1.2755,0
0.338,	0,0,0,	-0.420005,1.2751,0
0.339,	0,0,0,	-0.425358,1.27469,0
0.34,	0,0,0,	-0.430704,1.27425,0
0.341,	0,0,0,	-0.436044,1.2738,0
0.342,	0,0,0,	-0.441376,1.27332,0
0.343,	0,0,0,	-0.446701,1.27283,0
0.344,	0,0,0,	-0.452019,1.27231,0
0.345,	0,0,0,	-0.45733,1.27177,0
0.346,	0,0,0,	-0.462633,1.27121,0
0.347,	0,0,0,	-0.467929,1.27063,0
0.348,	0,0,0,	-0.473218,1.27003,0
0.349,	0,0,0,	-0.478499,1.26942,0
0.35,	0,0,0,	-0.483772,1.26878,0
0.351,	0,0,0,	-0.489038,1.26812,0
0.352,	0,0,0,	-0.494296,1.26744,0
0.353,	0,0,0,	-0.499547,1.26674,0
0.354,	0,0,0,	-0.504789,1.26602,0
0.355,	0,0,0,	-0.510024,1.26528,0
0.356,	0,0,0,	-0.515251,1.26452,0
0.357,	0,0,0,	-0.52047,1.26375,0
0.358,	0,0,0,	-0.52568,1.26295,0
0.359,	0,0,0,	-0.530883,1.26213,0
0.36,	0,0,0,	-0.536077,1.2613,0
0.361,	0,0,0,	-0.541264,1.26044,0
0.362,	0,0,0,	-0.546442,1.25957,0
0.363,	0,0,0,	-0.551611,1.25867,0
0.364,	0,0,0,	-0.556773,1.25776,0
0.365,	0,0,0,	-0.561925,1.25683,0
0.366,	0,0,0,	-0.56707,1.25588,0
0.367,	0,0,0,	-0.572206,1.25491,0
0.368,	0,0,0,	-0.577333,1.25392,0
0.369,	0,0,0,	-0.582451,1.25291,0
0.37,	0,0,0,	-0.587561,1.25188,0
0.371,	0,0,0,	-0.592662,1.25084,0
0.372,	0,0,0,	-0.597754,1.24977,0
0.373,	0,0,0,	-0.602837,1.24869,0
0.374,	0,0,0,	-0.607912,1.24759,0
0.375,	0,0,0,	-0.612977,1.24647,0
0.376,	0,0,0,	-0.618034,1.24533,0
0.377,	0,0,0,	-0.623081,1.24418,0
0.378,	0,0,0,	-0.628119,1.243,0
0.379,	0,0,0,	-0.633148,1.24181,0
0.38,	0,0,0,	-0.638168,1.2406,0
0.381,	0,0,0,	-0.643178,1.23937,0
0.382,	0,0,0,	-0.648179,1.23813,0
0.383,	0,0,0,	-0.653171,1.23686,0
0.384,	0,0,0,	-0.658153,1.23558,0
0.385,	0,0,0,	-0.663126,1.23428,0
0.386,	0,0,0,	-0.66809,1.23296,0
0.387,	0,0,0,	-0.673044,1.23163,0
0.388,	0,0,0,	-0.677988,1.23027,0
0.389,	0,0,0,	-0.682922,1.2289,0
0.39,	0,0,0,	-0.687847,1.22751,0
0.391,	0,0,0,	-0.692762,1.22611,0
0.392,	0,0,0,	-0.697667,1.22469,0
0.393,	0,0,0,	-0.702563,1.22325,0
0.394,	0,0,0,	-0.707448,1.22179,0
0.395,	0,0,0,	-0.712324,1.22031,0
0.396,	0,0,0,	-0.71719,1.21882,0
0.397,	0,0,0,	-0.722045,1.21731,0
0.398,	0,0,0,	-0.726891,1.21579,0
0.399,	0,0,0,	-0.731727,1.21425,0
0.4,	0,0,0,	-0.736552,1.21269,0
0.401,	0,0,0,	-0.741367,1.21111,0
0.402,	0,0,0,	-0.746172,1.20952,0
0.403,	0,0,0,	-0.750967,1.20791,0
0.404,	0,0,0,	-0.755751,1.20629,0
0.405,	0,0,0,	-0.760525,1.20464,0
0.406,	0,0,0,	-0.765289,1.20298,0
0.407,	0,0,0,	-0.770042,1.20131,0
0.408,	0,0,0,	-0.774785,1.19962,0
0.409,	0,0,0,	-0.779517,1.19791,0
0.41,	0,0,0,	-0.784239,1.19619,0
0.411,	0,0,0,	-0.78895,1.19445,0
0.412,	0,0,0,	-0.793651,1.19269,0
0.413,	0,0,0,	-0.798341,1.19092,0
0.414,	0,0,0,	-0.80302,1.18913,0
0.415,	0,0,0,	-0.807688,1.18733,0
0.416,	0,0,0,	-0.812346,1.18551,0
0.417,	0,0,0,	-0.816993,1.18367,0
0.418,	0,0,0,	-0.821629,1.18182,0
0.419,	0,0,0,	-0.826254,1.17995,0
0.42,	0,0,0,	-0.830868,1.17807,0
0.421,	0,0,0,	-0.835472,1.17617,0
0.422,	0,0,0,	-0.840064,1.17426,0
0.423,	0,0,0,	-0.844645,1.17233,0
0.424,	0,0,0,	-0.849216,1.17039,0
0.425,	0,0,0,	-0.853775,1.16843,0
0.426,	0,0,0,	-0.858323,1.16645,0
0.427,	0,0,0,	-0.86286,1.16446,0
0.428,	0,0,0,	-0.867385,1.16246,0
0.429,	0,0,0,	-0.8719,1.16044,0
0.43,	0,0,0,	-0.876403,1.1584,0
0.431,	0,0,0,	-0.880895,1.15635,0
0.432,	0,0,0,	-0.885376,1.15429,0
0.433,	0,0,0,	-0.889845,1.15221,0
0.434,	0,0,0,	-0.894303,1.15011,0
0.435,	0,0,0,	-0.898749,1.148,0
0.436,	0,0,0,	-0.903184,1.14588,0
0.437,	0,0,0,	-0.907608,1.14374,0
0.438,	0,0,0,	-0.91202,1.14159,0
0.439,	0,0,0,	-0.91642,1.13942,0
0.44,	0,0,0,	-0.920809,1.13724,0
0.441,	0,0,0,	-0.925187,1.13505,0
0.442,	0,0,0,	-0.929552,1.13284,0
0.443,	0,0,0,	-0.933906,1.13061,0
0.444,	0,0,0,	-0.938249,1.12837,0
0.445,	0,0,0,	-0.942579,1.12612,0
0.446,	0,0,0,	-0.946898,1.12385,0
0.447,	0,0,0,	-0.951205,1.12157,0
0.448,	0,0,0,	-0.9555,1.11928,0
0.449,	0,0,0,	-0.959784,1.11697,0
0.45,	0,0,0,	-0.964055,1.11465,0
0.451,	0,0,0,	-0.968315,1.11231,0
0.452,	0,0,0,	-0.972563,1.10996,0
0.453,	0,0,0,	-0.976799,1.1076,0
0.454,	0,0,0,	-0.981022,1.10522,0
0.455,	0,0,0,	-0.985234,1.10283,0
0.456,	0,0,0,	-0.989434,1.10043,0
0.457,	0,0,0,	-0.993622,1.09801,0
0.458,	0,0,0,	-0.997797,1.09558,0
0.459,	0,0,0,	-1.00196,1.09314,0
0.46,	0,0,0,	-1.00611,1.09068,0
0.461,	0,0,0,	-1.01025,1.08821,0
0.462,	0,0,0,	-1.01438,1.08573,0
0.463,	0,0,0,	-1.01849,1.08323,0
0.464,	0,0,0,	-1.0226,1.08072,0
0.465,	0,0,0,	-1.02669,1.0782,0
0.466,	0,0,0,	-1.03076,1.07566,0
0.467,	0,0,0,	-1.03483,1.07311,0
0.468,	0,0,0,	-1.03888,1.07055,0
0.469,	0,0,0,	-1.04293,1.06798,0
0.47,	0,0,0,	-1.04695,1.06539,0
0.471,	0,0,0,	-1.05097,1.06279,0
0.472,	0,0,0,	-1.05497,1.06018,0
0.473,	0,0,0,	-1.05897,1.05756,0
0.474,	0,0,0,	-1.06294,1.05492,0
0.475,	0,0,0,	-1.06691,1.05227,0
0.476,	0,0,0,	-1.07087,1.04961,0
0.477,	0,0,0,	-1.07481,1.04694,0
0.478,	0,0,0,	-1.07874,1.04425,0
0.479,	0,0,0,	-1.08265,1.04155,0
0.48,	0,0,0,	-1.08656,1.03884,0
0.481,	0,0,0,	-1.09045,1.03612,0
0.482,	0,0,0,	-1.09433,1.03339,0
0.483,	0,0,0,	-1.09819,1.03064,0
0.484,	0,0,0,	-1.10204,1.02788,0
0.485,	0,0,0,	-1.10588,1.02511,0
0.486,	0,0,0,	-1.10971,1.02233,0
0.487,	0,0,0,	-1.11353,1.01954,0
0.488,	0,0,0,	-1.11733,1.01673,0
0.489,	0,0,0,	-1.12112,1.01392,0
0.49,	0,0,0,	-1.12489,1.01109,0
0.491,	0,0,0,	-1.12866,1.00825,0
0.492,	0,0,0,	-1.13241,1.0054,0
0.493,	0,0,0,	-1.13615,1.00253,0
0.494,	0,0,0,	-1.13987,0.99966,0
0.495,	0,0,0,	-1.14358,0.996774,0
0.496,	0,0,0,	-1.14728,0.993877,0
0.497,	0,0,0,	-1.15097,0.990969,0
0.498,	0,0,0,	-1.15464,0.98805,0
0.499,	0,0,0,	-1.1583,0.98512,0
0.5,	0,0,0,	-1.16195,0.982178,0
0.501,	0,0,0,	-1.16558,0.979226,0
0.502,	0,0,0,	-1.16921,0.976263,0
0.503,	0,0,0,	-1.17281,0.973288,0
0.504,	0,0,0,	-1.17641,0.970303,0
0.505,	0,0,0,	-1.17999,0.967307,0
0.506,	0,0,0,	-1.18356,0.964301,0
0.507,	0,0,0,	-1.18712,0.961283,0
0.508,	0,0,0,	-1.19066,0.958255,0
0.509,	0,0,0,	-1.19419,0.955217,0
0.51,	0,0,0,	-1.1977,0.952168,0
0.511,	0,0,0,	-1.20121,0.949108,0
0.512,	0,0,0,	-1.2047,0.946038,0
0.513,	0,0,0,	-1.20817,0.942958,0
0.514,	0,0,0,	-1.21164,0.939867,0
0.515,	0,0,0,	-1.21509,0.936766,0
0.516,	0,0,0,	-1.21852,0.933654,0
0.517,	0,0,0,	-1.22195,0.930533,0
0.518,	0,0,0,	-1.22536,0.927401,0
0.519,	0,0,0,	-1.22875,0.924259,0
0.52,	0,0,0,	-1.23214,0.921107,0
0.521,	0,0,0,	-1.23551,0.917946,0
0.522,	0,0,0,	-1.23886,0.914774,0
0.523,	0,0,0,	-1.24221,0.911592,0
0.524,	0,0,0,	-1.24554,0.908401,0
0.525,	0,0,0,	-1.24885,0.9052,0
0.526,	0,0,0,	-1.25216,0.901989,0
0.527,	0,0,0,	-1.25545,0.898768,0
0.528,	0,0,0,	-1.25872,0.895538,0
0.529,	0,0,0,	-1.26199,0.892298,0
0.53,	0,0,0,	-1.26523,0.889048,0
0.531,	0,0,0,	-1.26847,0.885789,0
0.532,	0,0,0,	-1.27169,0.882521,0
0.533,	0,0,0,	-1.2749,0.879243,0
0.534,	0,0,0,	-1.2781,0.875956,0
0.535,	0,0,0,	-1.28128,0.87266,0
0.536,	0,0,0,	-1.28445,0.869354,0
0.537,	0,0,0,	-1.2876,0.866039,0
0.538,	0,0,0,	-1.29074,0.862715,0
0.539,	0,0,0,	-1.29387,0.859382,0
0.54,	0,0,0,	-1.29698,0.85604,0
0.541,	0,0,0,	-1.30008,0.852689,0
0.542,	0,0,0,	-1.30317,0.849329,0
0.543,	0,0,0,	-1.30624,0.84596,0
0.544,	0,0,0,	-1.3093,0.842582,0
0.545,	0,0,0,	-1.31234,0.839195,0
0.546,	0,0,0,	-1.31538,0.8358,0
0.547,	0,0,0,	-1.31839,0.832395,0
0.548,	0,0,0,	-1.3214,0.828983,0
0.549,	0,0,0,	-1.32439,0.825561,0
0.55,	0,0,0,	-1.32736,0.822131,0
0.551,	0,0,0,	-1.33033,0.818692,0
0.552,	0,0,0,	-1.33328,0.815245,0
0.553,	0,0,0,	-1.33621,0.81179,0
0.554,	0,0,0,	-1.33913,0.808326,0
0.555,	0,0,0,	-1.34204,0.804854,0
0.556,	0,0,0,	-1.34493,0.801373,0
0.557,	0,0,0,	-1.34781,0.797885,0
0.558,	0,0,0,	-1.35068,0.794388,0
0.559,	0,0,0,	-1.35353,0.790883,0
0.56,	0,0,0,	-1.35637,0.787369,0
0.561,	0,0,0,	-1.35919,0.783848,0
0.562,	0,0,0,	-1.362,0.780319,0
0.563,	0,0,0,	-1.3648,0.776782,0
0.564,	0,0,0,	-1.36758,0.773236,0
0.565,	0,0,0,	-1.37035,0.769683,0
0.566,	0,0,0,	-1.37311,0.766123,0
0.567,	0,0,0,	-1.37585,0.762554,0
0.568,	0,0,0,	-1.37858,0.758977,0
0.569,	0,0,0,	-1.38129,0.755393,0
0.57,	0,0,0,	-1.38399,0.751802,0
0.571,	0,0,0,	-1.38667,0.748202,0
0.572,	0,0,0,	-1.38934,0.744596,0
0.573,	0,0,0,	-1.392,0.740981,0
0.574,	0,0,0,	-1.39464,0.737359,0
0.575,	0,0,0,	-1.39727,0.73373,0
0.576,	0,0,0,	-1.39989,0.730094,0
0.577,	0,0,0,	-1.40249,0.72645,0
0.578,	0,0,0,	-1.40508,0.722798,0
0.579,	0,0,0,	-1.40765,0.71914,0
0.58,	0,0,0,	-1.41021,0.715474,0
0.581,	0,0,0,	-1.41275,0.711802,0
0.582,	0,0,0,	-1.41528,0.708122,0
0.583,	0,0,0,	-1.4178,0.704435,0
0.584,	0,0,0,	-1.4203,0.700741,0
0.585,	0,0,0,	-1.42279,0.69704,0
0.586,	0,0,0,	-1.42526,0.693332,0
0.587,	0,0,0,	-1.42772,0.689618,0
0.588,	0,0,0,	-1.43017,0.685896,0
0.589,	0,0,0,	-1.4326,0.682168,0
0.59,	0,0,0,	-1.43502,0.678433,0
0.591,	0,0,0,	-1.43742,0.674691,0
0.592,	0,0,0,	-1.43981,0.670943,0
0.593,	0,0,0,	-1.44219,0.667188,0
0.594,	0,0,0,	-1.44455,0.663426,0
0.595,	0,0,0,	-1.44689,0.659658,0
0.596,	0,0,0,	-1.44923,0.655883,0
0.597,	0,0,0,	-1.45154,0.652102,0
0.598,	0,0,0,	-1.45385,0.648315,0
0.599,	0,0,0,	-1.45614,0.644521,0
0.6,	0,0,0,	-1.45841,0.640721,0
0.601,	0,0,0,	-1.46068,0.636915,0
0.602,	0,0,0,	-1.46292,0.633102,0
0.603,	0,0,0,	-1.46516,0.629284,0
0.604,	0,0,0,	-1.46737,0.625459,0
0.605,	0,0,0,	-1.46958,0.621628,0
0.606,	0,0,0,	-1.47177,0.617791,0
0.607,	0,0,0,	-1.47394,0.613948,0
0.608,	0,0,0,	-1.4761,0.610099,0
0.609,	0,0,0,	-1.47825,0.606245,0
0.61,	0,0,0,	-1.48038,0.602384,0
0.611,	0,0,0,	-1.4825,0.598518,0
0.612,	0,0,0,	-1.48461,0.594645,0
0.613,	0,0,0,	-1.4867,0.590767,0
0.614,	0,0,0,	-1.48877,0.586884,0
0.615,	0,0,0,	-1.49083,0.582994,0
0.616,	0,0,0,	-1.49288,0.579099,0
0.617,	0,0,0,	-1.49491,0.575199,0
0.618,	0,0,0,	-1.49693,0.571293,0
0.619,	0,0,0,	-1.49893,0.567381,0
0.62,	0,0,0,	-1.50092,0.563464,0
0.621,	0,0,0,	-1.5029,0.559542,0
0.622,	0,0,0,	-1.50486,0.555614,0
0.623,	0,0,0,	-1.50681,0.551681,0
0.624,	0,0,0,	-1.50874,0.547743,0
0.625,	0,0,0,	-1.51065,0.543799,0
0.626,	0,0,0,	-1.51256,0.53985,0
0.627,	0,0,0,	-1.51445,0.535897,0
0.628,	0,0,0,	-1.51632,0.531938,0
0.629,	0,0,0,	-1.51818,0.527973,0
0.63,	0,0,0,	-1.52003,0.524004,0
0.631,	0,0,0,	-1.52186,0.52003,0
0.632,	0,0,0,	-1.52367,0.516051,0
0.633,	0,0,0,	-1.52547,0.512068,0
0.634,	0,0,0,	-1.52726,0.508079,0
0.635,	0,0,0,	-1.52904,0.504085,0
0.636,	0,0,0,	-1.53079,0.500087,0
0.637,	0,0,0,	-1.53254,0.496084,0
0.638,	0,0,0,	-1.53427,0.492076,0
0.639,	0,0,0,	-1.53598,0.488064,0
0.64,	0,0,0,	-1.53768,0.484047,0
0.641,	0,0,0,	-1.53937,0.480025,0
0.642,	0,0,0,	-1.54104,0.475999,0
0.643,	0,0,0,	-1.5427,0.471969,0
0.644,	0,0,0,	-1.54434,0.467934,0
0.645,	0,0,0,	-1.54597,0.463895,0
0.646,	0,0,0,	-1.54758,0.459851,0
0.647,	0,0,0,	-1.54918,0.455803,0
0.648,	0,0,0,	-1.55077,0.451751,0
0.649,	0,0,0,	-1.55234,0.447694,0
0.65,	0,0,0,	-1.55389,0.443633,0
0.651,	0,0,0,	-1.55543,0.439568,0
0.652,	0,0,0,	-1.55696,0.435499,0
0.653,	0,0,0,	-1.55847,0.431426,0
0.654,	0,0,0,	-1.55997,0.427349,0
0.655,	0,0,0,	-1.56145,0.423268,0
0.656,	0,0,0,	-1.56292,0.419183,0
0.657,	0,0,0,	-1.56437,0.415094,0
0.658,	0,0,0,	-1.56581,0.411002,0
0.659,	0,0,0,	-1.56724,0.406905,0
0.66,	0,0,0,	-1.56865,0.402805,0
0.661,	0,0,0,	-1.57004,0.3987,0
0.662,	0,0,0,	-1.57142,0.394593,0
0.663,	0,0,0,	-1.57279,0.390481,0
0.664,	0,0,0,	-1.57414,0.386366,0
0.665,	0,0,0,	-1.57548,0.382247,0
0.666,	0,0,0,	-1.5768,0.378125,0
0.667,	0,0,0,	-1.57811,0.373999,0
0.668,	0,0,0,	-1.5794,0.36987,0
0.669,	0,0,0,	-1.58068,0.365737,0
0.67,	0,0,0,	-1.58194,0.361601,0
0.671,	0,0,0,	-1.58319,0.357462,0
0.672,	0,0,0,	-1.58443,0.353319,0
0.673,	0,0,0,	-1.58565,0.349174,0
0.674,	0,0,0,	-1.58685,0.345024,0
0.675,	0,0,0,	-1.58804,0.340872,0
0.676,	0,0,0,	-1.58922,0.336717,0
0.677,	0,0,0,	-1.59038,0.332558,0
0.678,	0,0,0,	-1.59153,0.328396,0
0.679,	0,0,0,	-1.59266,0.324232,0
0.68,	0,0,0,	-1.59378,0.320064,0
0.681,	0,0,0,	-1.59488,0.315894,0
0.682,	0,0,0,	-1.59597,0.31172,0
0.683,	0,0,0,	-1.59704,0.307544,0
0.684,	0,0,0,	-1.5981,0.303365,0
0.685,	0,0,0,	-1.59915,0.299183,0
0.686,	0,0,0,	-1.60018,0.294998,0
0.687,	0,0,0,	-1.60119,0.290811,0
0.688,	0,0,0,	-1.60219,0.286621,0
0.689,	0,0,0,	-1.60318,0.282428,0
0.69,	0,0,0,	-1.60415,0.278233,0
0.691,	0,0,0,	-1.60511,0.274035,0
0.692,	0,0,0,	-1.60605,0.269835,0
0.693,	0,0,0,	-1.60698,0.265632,0
0.694,	0,0,0,	-1.60789,0.261427,0
0.695,	0,0,0,	-1.60879,0.257219,0
0.696,	0,0,0,	-1.60967,0.253009,0
0.697,	0,0,0,	-1.61054,0.248797,0
0.698,	0,0,0,	-1.61139,0.244583,0
0.699,	0,0,0,	-1.61223,0.240366,0
0.7,	0,0,0,	-1.61305,0.236147,0
0.701,	0,0,0,	-1.61386,0.231926,0
0.702,	0,0,0,	-1.61466,0.227703,0
0.703,	0,0,0,	-1.61544,0.223477,0
0.704,	0,0,0,	-1.6162,0.21925,0
0.705,	0,0,0,	-1.61696,0.215021,0
0.706,	0,0,0,	-1.61769,0.21079,0
0.707,	0,0,0,	-1.61841,0.206556,0
0.708,	0,0,0,	-1.61912,0.202321,0
0.709,	0,0,0,	-1.61981,0.198085,0
0.71,	0,0,0,	-1.62049,0.193846,0
0.711,	0,0,0,	-1.62115,0.189605,0
0.712,	0,0,0,	-1.6218,0.185363,0
0.713,	0,0,0,	-1.62243,0.181119,0
0.714,	0,0,0,	-1.62305,0.176874,0
0.715,	0,0,0,	-1.62365,0.172627,0
0.716,	0,0,0,	-1.62424,0.168378,0
0.717,	0,0,0,	-1.62482,0.164128,0
0.718,	0,0,0,	-1.62538,0.159876,0
0.719,	0,0,0,	-1.62592,0.155623,0
0.72,	0,0,0,	-1.62645,0.151369,0
0.721,	0,0,0,	-1.62697,0.147113,0
0.722,	0,0,0,	-1.62747,0.142856,0
0.723,	0,0,0,	-1.62795,0.138597,0
0.724,	0,0,0,	-1.62842,0.134337,0
0.725,	0,0,0,	-1.62888,0.130076,0
0.726,	0,0,0,	-1.62932,0.125814,0
0.727,	0,0,0,	-1.62975,0.121551,0
0.728,	0,0,0,	-1.63016,0.117286,0
0.729,	0,0,0,	-1.63056,0.113021,0
0.73,	0,0,0,	-1.63094,0.108754,0
0.731,	0,0,0,	-1.63131,0.104487,0
0.732,	0,0,0,	-1.63166,0.100219,0
0.733,	0,0,0,	-1.632,0.0959492,0
0.734,	0,0,0,	-1.63232,0.091679,0
0.735,	0,0,0,	-1.63263,0.087408,0
0.736,	0,0,0,	-1.63293,0.0831362,0
0.737,	0,0,0,	-1.63321,0.0788636,0
0.738,	0,0,0,	-1.63347,0.0745903,0
0.739,	0,0,0,	-1.63372,0.0703164,0
0.74,	0,0,0,	-1.63395,0.0660418,0
0.741,	0,0,0,	-1.63418,0.0617666,0
0.742,	0,0,0,	-1.63438,0.0574909,0
0.743,	0,0,0,	-1.63457,0.0532146,0
0.744,	0,0,0,	-1.63475,0.0489379,0
0.745,	0,0,0,	-1.63491,0.0446607,0
0.746,	0,0,0,	-1.63506,0.0403831,0
0.747,	0,0,0,	-1.63519,0.0361052,0
0.748,	0,0,0,	-1.6353,0.0318269,0
0.749,	0,0,0,	-1.63541,0.0275484,0
0.75,	0,0,0,	-1.63549,0.0232696,0
0.751,	0,0,0,	-1.63557,0.0189905,0
0.752,	0,0,0,	-1.63563,0.0147114,0
0.753,	0,0,0,	-1.63567,0.010432,0
0.754,	0,0,0,	-1.6357,0.00615263,0
0.755,	0,0,0,	-1.63571,0.00187316,0
0.756,	0,0,0,	-1.63571,-0.00240633,0
0.757,	0,0,0,	-1.63569,-0.00668579,0
0.758,	0,0,0,	-1.63566,-0.0109652,0
0.759,	0,0,0,	-1.63562,-0.0152445,0
0.76,	0,0,0,	-1.63556,-0.0195237,0
0.761,	0,0,0,	-1.63548,-0.0238027,0
0.762,	0,0,0,	-1.63539,-0.0280814,0
0.763,	0,0,0,	-1.63529,-0.03236,0
0.764,	0,0,0,	-1.63517,-0.0366382,0
0.765,	0,0,0,	-1.63504,-0.0409161,0
0.766,	0,0,0,	-1.63489,-0.0451936,0
0.767,	0,0,0,	-1.63473,-0.0494707,0
0.768,	0,0,0,	-1.63455,-0.0537474,0
0.769,	0,0,0,	-1.63436,-0.0580236,0
0.77,	0,0,0,	-1.63415,-0.0622993,0
0.771,	0,0,0,	-1.63393,-0.0665744,0
0.772,	0,0,0,	-1.63369,-0.0708489,0
0.773,	0,0,0,	-1.63344,-0.0751227,0
0.774,	0,0,0,	-1.63317,-0.0793959,0
0.775,	0,0,0,	-1.63289,-0.0836684,0
0.776,	0,0,0,	-1.63259,-0.0879401,0
0.777,	0,0,0,	-1.63228,-0.092211,0
0.778,	0,0,0,	-1.63196,-0.0964811,0
0.779,	0,0,0,	-1.63162,-0.10075,0
0.78,	0,0,0,	-1.63126,-0.105019,0
0.781,	0,0,0,	-1.63089,-0.109286,0
0.782,	0,0,0,	-1.63051,-0.113552,0
0.783,	0,0,0,	-1.63011,-0.117818,0
0.784,	0,0,0,	-1.62969,-0.122082,0
0.785,	0,0,0,	-1.62927,-0.126345,0
0.786,	0,0,0,	-1.62882,-0.130607,0
0.787,	0,0,0,	-1.62836,-0.134868,0
0.788,	0,0,0,	-1.62789,-0.139128,0
0.789,	0,0,0,	-1.6274,-0.143386,0
0.79,	0,0,0,	-1.6269,-0.147643,0
0.791,	0,0,0,	-1.62638,-0.151899,0
0.792,	0,0,0,	-1.62585,-0.156153,0
0.793,	0,0,0,	-1.62531,-0.160406,0
0.794,	0,0,0,	-1.62474,-0.164658,0
0.795,	0,0,0,	-1.62417,-0.168908,0
0.796,	0,0,0,	-1.62358,-0.173156,0
0.797,	0,0,0,	-1.62297,-0.177403,0
0.798,	0,0,0,	-1.62235,-0.181648,0
0.799,	0,0,0,	-1.62172,-0.185892,0
0.8,	0,0,0,	-1.62107,-0.190134,0
0.801,	0,0,0,	-1.6204,-0.194374,0
0.802,	0,0,0,	-1.61972,-0.198612,0
0.803,	0,0,0,	-1.61903,-0.202849,0
0.804,	0,0,0,	-1.61832,-0.207084,0
0.805,	0,0,0,	-1.6176,-0.211317,0
0.806,	0,0,0,	-1.61686,-0.215548,0
0.807,	0,0,0,	-1.61611,-0.219777,0
0.808,	0,0,0,	-1.61534,-0.224004,0
0.809,	0,0,0,	-1.61456,-0.228229,0
0.81,	0,0,0,	-1.61376,-0.232452,0
0.811,	0,0,0,	-1.61295,-0.236673,0
0.812,	0,0,0,	-1.61212,-0.240891,0
0.813,	0,0,0,	-1.61128,-0.245108,0
0.814,	0,0,0,	-1.61043,-0.249322,0
0.815,	0,0,0,	-1.60956,-0.253534,0
0.816,	0,0,0,	-1.60867,-0.257744,0
0.817,	0,0,0,	-1.60777,-0.261951,0
0.818,	0,0,0,	-1.60686,-0.266156,0
0.819,	0,0,0,	-1.60593,-0.270358,0
0.82,	0,0,0,	-1.60499,-0.274558,0
0.821,	0,0,0,	-1.60403,-0.278756,0
0.822,	0,0,0,	-1.60305,-0.282951,0
0.823,	0,0,0,	-1.60207,-0.287143,0
0.824,	0,0,0,	-1.60106,-0.291333,0
0.825,	0,0,0,	-1.60005,-0.29552,0
0.826,	0,0,0,	-1.59902,-0.299704,0
0.827,	0,0,0,	-1.59797,-0.303886,0
0.828,	0,0,0,	-1.59691,-0.308064,0
0.829,	0,0,0,	-1.59583,-0.31224,0
0.83,	0,0,0,	-1.59474,-0.316413,0
0.831,	0,0,0,	-1.59364,-0.320584,0
0.832,	0,0,0,	-1.59252,-0.324751,0
0.833,	0,0,0,	-1.59138,-0.328915,0
0.834,	0,0,0,	-1.59024,-0.333076,0
0.835,	0,0,0,	-1.58907,-0.337235,0
0.836,	0,0,0,	-1.58789,-0.34139,0
0.837,	0,0,0,	-1.5867,-0.345542,0
0.838,	0,0,0,	-1.58549,-0.34969,0
0.839,	0,0,0,	-1.58427,-0.353836,0
0.84,	0,0,0,	-1.58303,-0.357978,0
0.841,	0,0,0,	-1.58178,-0.362117,0
0.842,	0,0,0,	-1.58052,-0.366253,0
0.843,	0,0,0,	-1.57924,-0.370385,0
0.844,	0,0,0,	-1.57794,-0.374513,0
0.845,	0,0,0,	-1.57663,-0.378639,0
0.846,	0,0,0,	-1.57531,-0.382761,0
0.847,	0,0,0,	-1.57397,-0.386879,0
0.848,	0,0,0,	-1.57262,-0.390994,0
0.849,	0,0,0,	-1.57125,-0.395105,0
0.85,	0,0,0,	-1.56986,-0.399212,0
0.851,	0,0,0,	-1.56847,-0.403316,0
0.852,	0,0,0,	-1.56706,-0.407416,0
0.853,	0,0,0,	-1.56563,-0.411512,0
0.854,	0,0,0,	-1.56419,-0.415604,0
0.855,	0,0,0,	-1.56273,-0.419692,0
0.856,	0,0,0,	-1.56126,-0.423777,0
0.857,	0,0,0,	-1.55978,-0.427857,0
0.858,	0,0,0,	-1.55828,-0.431934,0
0.859,	0,0,0,	-1.55677,-0.436007,0
0.86,	0,0,0,	-1.55524,-0.440075,0
0.861,	0,0,0,	-1.55369,-0.444139,0
0.862,	0,0,0,	-1.55214,-0.4482,0
0.863,	0,0,0,	-1.55056,-0.452256,0
0.864,	0,0,0,	-1.54898,-0.456307,0
0.865,	0,0,0,	-1.54738,-0.460355,0
0.866,	0,0,0,	-1.54576,-0.464398,0
0.867,	0,0,0,	-1.54413,-0.468437,0
0.868,	0,0,0,	-1.54249,-0.472471,0
0.869,	0,0,0,	-1.54083,-0.476501,0
0.87,	0,0,0,	-1.53915,-0.480527,0
0.871,	0,0,0,	-1.53747,-0.484548,0
0.872,	0,0,0,	-1.53576,-0.488564,0
0.873,	0,0,0,	-1.53405,-0.492576,0
0.874,	0,0,0,	-1.53232,-0.496583,0
0.875,	0,0,0,	-1.53057,-0.500585,0
0.876,	0,0,0,	-1.52881,-0.504583,0
0.877,	0,0,0,	-1.52703,-0.508576,0
0.878,	0,0,0,	-1.52525,-0.512564,0
0.879,	0,0,0,	-1.52344,-0.516547,0
0.88,	0,0,0,	-1.52162,-0.520526,0
0.881,	0,0,0,	-1.51979,-0.524499,0
0.882,	0,0,0,	-1.51794,-0.528468,0
0.883,	0,0,0,	-1.51608,-0.532431,0
0.884,	0,0,0,	-1.51421,-0.536389,0
0.885,	0,0,0,	-1.51232,-0.540343,0
0.886,	0,0,0,	-1.51041,-0.544291,0
0.887,	0,0,0,	-1.50849,-0.548234,0
0.888,	0,0,0,	-1.50656,-0.552171,0
0.889,	0,0,0,	-1.50461,-0.556104,0
0.89,	0,0,0,	-1.50265,-0.560031,0
0.891,	0,0,0,	-1.50067,-0.563952,0
0.892,	0,0,0,	-1.49868,-0.567869,0
0.893,	0,0,0,	-1.49667,-0.57178,0
0.894,	0,0,0,	-1.49465,-0.575685,0
0.895,	0,0,0,	-1.49262,-0.579585,0
0.896,	0,0,0,	-1.49057,-0.583479,0
0.897,	0,0,0,	-1.48851,-0.587368,0
0.898,	0,0,0,	-1.48643,-0.591251,0
0.899,	0,0,0,	-1.48434,-0.595128,0
0.9,	0,0,0,	-1.48223,-0.598999,0
0.901,	0,0,0,	-1.48011,-0.602865,0
0.902,	0,0,0,	-1.47798,-0.606725,0
0.903,	0,0,0,	-1.47583,-0.610579,0
0.904,	0,0,0,	-1.47367,-0.614427,0
0.905,	0,0,0,	-1.47149,-0.618269,0
0.906,	0,0,0,	-1.4693,-0.622106,0
0.907,	0,0,0,	-1.46709,-0.625936,0
0.908,	0,0,0,	-1.46487,-0.62976,0
0.909,	0,0,0,	-1.46264,-0.633578,0
0.91,	0,0,0,	-1.46039,-0.637389,0
0.911,	0,0,0,	-1.45812,-0.641195,0
0.912,	0,0,0,	-1.45585,-0.644994,0
0.913,	0,0,0,	-1.45355,-0.648787,0
0.914,	0,0,0,	-1.45125,-0.652574,0
0.915,	0,0,0,	-1.44893,-0.656354,0
0.916,	0,0,0,	-1.44659,-0.660128,0
0.917,	0,0,0,	-1.44425,-0.663895,0
0.918,	0,0,0,	-1.44188,-0.667656,0
0.919,	0,0,0,	-1.43951,-0.67141,0
0.92,	0,0,0,	-1.43712,-0.675157,0
0.921,	0,0,0,	-1.43471,-0.678898,0
0.922,	0,0,0,	-1.43229,-0.682632,0
0.923,	0,0,0,	-1.42986,-0.68636,0
0.924,	0,0,0,	-1.42741,-0.690081,0
0.925,	0,0,0,	-1.42495,-0.693794,0
0.926,	0,0,0,	-1.42247,-0.697501,0
0.927,	0,0,0,	-1.41998,-0.701201,0
0.928,	0,0,0,	-1.41748,-0.704894,0
0.929,	0,0,0,	-1.41496,-0.70858,0
0.93,	0,0,0,	-1.41243,-0.712259,0
0.931,	0,0,0,	-1.40988,-0.715931,0
0.932,	0,0,0,	-1.40732,-0.719596,0
0.933,	0,0,0,	-1.40475,-0.723253,0
0.934,	0,0,0,	-1.40216,-0.726904,0
0.935,	0,0,0,	-1.39955,-0.730547,0
0.936,	0,0,0,	-1.39694,-0.734182,0
0.937,	0,0,0,	-1.39431,-0.737811,0
0.938,	0,0,0,	-1.39166,-0.741432,0
0.939,	0,0,0,	-1.389,-0.745045,0
0.94,	0,0,0,	-1.38633,-0.748651,0
0.941,	0,0,0,	-1.38364,-0.752249,0
0.942,	0,0,0,	-1.38094,-0.75584,0
0.943,	0,0,0,	-1.37823,-0.759423,0
0.944,	0,0,0,	-1.3755,-0.762999,0
0.945,	0,0,0,	-1.37276,-0.766566,0
0.946,	0,0,0,	-1.37,-0.770126,0
0.947,	0,0,0,	-1.36723,-0.773678,0
0.948,	0,0,0,	-1.36444,-0.777222,0
0.949,	0,0,0,	-1.36165,-0.780759,0
0.95,	0,0,0,	-1.35883,-0.784287,0
0.951,	0,0,0,	-1.35601,-0.787807,0
0.952,	0,0,0,	-1.35317,-0.791319,0
0.953,	0,0,0,	-1.35031,-0.794823,0
0.954,	0,0,0,	-1.34745,-0.798319,0
0.955,	0,0,0,	-1.34456,-0.801807,0
0.956,	0,0,0,	-1.34167,-0.805286,0
0.957,	0,0,0,	-1.33876,-0.808758,0
0.958,	0,0,0,	-1.33584,-0.81222,0
0.959,	0,0,0,	-1.3329,-0.815675,0
0.96,	0,0,0,	-1.32995,-0.819121,0
0.961,	0,0,0,	-1.32698,-0.822558,0
0.962,	0,0,0,	-1.32401,-0.825987,0
0.963,	0,0,0,	-1.32101,-0.829408,0
0.964,	0,0,0,	-1.31801,-0.83282,0
0.965,	0,0,0,	-1.31499,-0.836223,0
0.966,	0,0,0,	-1.31195,-0.839617,0
0.967,	0,0,0,	-1.30891,-0.843003,0
0.968,	0,0,0,	-1.30585,-0.846379,0
0.969,	0,0,0,	-1.30277,-0.849747,0
0.97,	0,0,0,	-1.29969,-0.853106,0
0.971,	0,0,0,	-1.29658,-0.856456,0
0.972,	0,0,0,	-1.29347,-0.859797,0
0.973,	0,0,0,	-1.29034,-0.863129,0
0.974,	0,0,0,	-1.2872,-0.866452,0
0.975,	0,0,0,	-1.28404,-0.869766,0
0.976,	0,0,0,	-1.28087,-0.87307,0
0.977,	0,0,0,	-1.27769,-0.876366,0
0.978,	0,0,0,	-1.27449,-0.879652,0
0.979,	0,0,0,	-1.27128,-0.882928,0
0.98,	0,0,0,	-1.26806,-0.886195,0
0.981,	0,0,0,	-1.26482,-0.889453,0
0.982,	0,0,0,	-1.26157,-0.892701,0
0.983,	0,0,0,	-1.2583,-0.89594,0
0.984,	0,0,0,	-1.25503,-0.899169,0
0.985,	0,0,0,	-1.25173,-0.902389,0
0.986,	0,0,0,	-1.24843,-0.905598,0
0.987,	0,0,0,	-1.24511,-0.908798,0
0.988,	0,0,0,	-1.24178,-0.911988,0
0.989,	0,0,0,	-1.23843,-0.915169,0
0.99,	0,0,0,	-1.23508,-0.918339,0
0.991,	0,0,0,	-1.2317,-0.9215,0
0.992,	0,0,0,	-1.22832,-0.92465,0
0.993,	0,0,0,	-1.22492,-0.927791,0
0.994,	0,0,0,	-1.22151,-0.930921,0
0.995,	0,0,0,	-1.21808,-0.934042,0
0.996,	0,0,0,	-1.21464,-0.937152,0
0.997,	0,0,0,	-1.21119,-0.940251,0
0.998,	0,0,0,	-1.20773,-0.943341,0
0.999,	0,0,0,	-1.20425,-0.94642,0
1,	0,0,0,	-1.20076,-0.949489,0
1.001,	0,0,0,	-1.19725,-0.952547,0
1.002,	0,0,0,	-1.19374,-0.955595,0
1.003,	0,0,0,	-1.1902,-0.958632,0
1.004,	0,0,0,	-1.18666,-0.961659,0
1.005,	0,0,0,	-1.1831,-0.964675,0
1.006,	0,0,0,	-1.17953,-0.96768,0
1.007,	0,0,0,	-1.17595,-0.970675,0
1.008,	0,0,0,	-1.17235,-0.973658,0
1.009,	0,0,0,	-1.16874,-0.976631,0
1.01,	0,0,0,	-1.16512,-0.979593,0
1.011,	0,0,0,	-1.16148,-0.982544,0
1.012,	0,0,0,	-1.15783,-0.985484,0
1.013,	0,0,0,	-1.15417,-0.988413,0
1.014,	0,0,0,	-1.1505,-0.991331,0
1.015,	0,0,0,	-1.14681,-0.994238,0
1.016,	0,0,0,	-1.14311,-0.997133,0
1.017,	0,0,0,	-1.13939,-1.00002,0
1.018,	0,0,0,	-1.13567,-1.00289,0
1.019,	0,0,0,	-1.13193,-1.00575,0
1.02,	0,0,0,	-1.12818,-1.0086,0
1.021,	0,0,0,	-1.12441,-1.01144,0
1.022,	0,0,0,	-1.12063,-1.01427,0
1.023,	0,0,0,	-1.11684,-1.01708,0
1.024,	0,0,0,	-1.11304,-1.01989,0
1.025,	0,0,0,	-1.10922,-1.02268,0
1.026,	0,0,0,	-1.10539,-1.02546,0
1.027,	0,0,0,	-1.10155,-1.02823,0
1.028,	0,0,0,	-1.0977,-1.03098,0
1.029,	0,0,0,	-1.09383,-1.03373,0
1.03,	0,0,0,	-1.08995,-1.03646,0
1.031,	0,0,0,	-1.08606,-1.03918,0
1.032,	0,0,0,	-1.08215,-1.04189,0
1.033,	0,0,0,	-1.07823,-1.04459,0
1.034,	0,0,0,	-1.0743,-1.04727,0
1.035,	0,0,0,	-1.07036,-1.04994,0
1.036,	0,0,0,	-1.0664,-1.0526,0
1.037,	0,0,0,	-1.06243,-1.05525,0
1.038,	0,0,0,	-1.05845,-1.05788,0
1.039,	0,0,0,	-1.05446,-1.06051,0
1.04,	0,0,0,	-1.05046,-1.06312,0
1.041,	0,0,0,	-1.04644,-1.06571,0
1.042,	0,0,0,	-1.04241,-1.0683,0
1.043,	0,0,0,	-1.03836,-1.07087,0
1.044,	0,0,0,	-1.03431,-1.07343,0
1.045,	0,0,0,	-1.03024,-1.07598,0
1.046,	0,0,0,	-1.02616,-1.07851,0
1.047,	0,0,0,	-1.02207,-1.08103,0
1.048,	0,0,0,	-1.01797,-1.08354,0
1.049,	0,0,0,	-1.01385,-1.08603,0
1.05,	0,0,0,	-1.00972,-1.08852,0
1.051,	0,0,0,	-1.00558,-1.09098,0
1.052,	0,0,0,	-1.00143,-1.09344,0
1.053,	0,0,0,	-0.997261,-1.09588,0
1.054,	0,0,0,	-0.993084,-1.09831,0
1.055,	0,0,0,	-0.988895,-1.10073,0
1.056,	0,0,0,	-0.984694,-1.10313,0
1.057,	0,0,0,	-0.98048,-1.10552,0
1.058,	0,0,0,	-0.976255,-1.10789,0
1.059,	0,0,0,	-0.972017,-1.11025,0
1.06,	0,0,0,	-0.967768,-1.1126,0
1.061,	0,0,0,	-0.963507,-1.11494,0
1.062,	0,0,0,	-0.959234,-1.11726,0
1.063,	0,0,0,	-0.954949,-1.11956,0
1.064,	0,0,0,	-0.950652,-1.12186,0
1.065,	0,0,0,	-0.946343,-1.12413,0
1.066,	0,0,0,	-0.942023,-1.1264,0
1.067,	0,0,0,	-0.937691,-1.12865,0
1.068,	0,0,0,	-0.933347,-1.13089,0
1.069,	0,0,0,	-0.928991,-1.13311,0
1.07,	0,0,0,	-0.924624,-1.13532,0
1.071,	0,0,0,	-0.920245,-1.13751,0
1.072,	0,0,0,	-0.915855,-1.13969,0
1.073,	0,0,0,	-0.911453,-1.14186,0
1.074,	0,0,0,	-0.907039,-1.14401,0
1.075,	0,0,0,	-0.902614,-1.14614,0
1.076,	0,0,0,	-0.898178,-1.14827,0
1.077,	0,0,0,	-0.89373,-1.15037,0
1.078,	0,0,0,	-0.889271,-1.15246,0
1.079,	0,0,0,	-0.8848,-1.15454,0
1.08,	0,0,0,	-0.880318,-1.15661,0
1.081,	0,0,0,	-0.875824,-1.15865,0
1.082,	0,0,0,	-0.87132,-1.16069,0
1.083,	0,0,0,	-0.866804,-1.1627,0
1.084,	0,0,0,	-0.862276,-1.16471,0
1.085,	0,0,0,	-0.857738,-1.1667,0
1.086,	0,0,0,	-0.853189,-1.16867,0
1.087,	0,0,0,	-0.848628,-1.17063,0
1.088,	0,0,0,	-0.844056,-1.17257,0
1.089,	0,0,0,	-0.839473,-1.17449,0
1.09,	0,0,0,	-0.83488,-1.17641,0
1.091,	0,0,0,	-0.830275,-1.1783,0
1.092,	0,0,0,	-0.825659,-1.18018,0
1.093,	0,0,0,	-0.821033,-1.18205,0
1.094,	0,0,0,	-0.816395,-1.1839,0
1.095,	0,0,0,	-0.811747,-1.18573,0
1.096,	0,0,0,	-0.807088,-1.18755,0
1.097,	0,0,0,	-0.802418,-1.18935,0
1.098,	0,0,0,	-0.797737,-1.19114,0
1.099,	0,0,0,	-0.793046,-1.19291,0
1.1,	0,0,0,	-0.788344,-1.19466,0
1.101,	0,0,0,	-0.783631,-1.1964,0
1.102,	0,0,0,	-0.778908,-1.19812,0
1.103,	0,0,0,	-0.774175,-1.19983,0
1.104,	0,0,0,	-0.76943,-1.20151,0
1.105,	0,0,0,	-0.764676,-1.20319,0
1.106,	0,0,0,	-0.759911,-1.20484,0
1.107,	0,0,0,	-0.755135,-1.20648,0
1.108,	0,0,0,	-0.750349,-1.20811,0
1.109,	0,0,0,	-0.745553,-1.20971,0
1.11,	0,0,0,	-0.740747,-1.21131,0
1.111,	0,0,0,	-0.735931,-1.21288,0
1.112,	0,0,0,	-0.731104,-1.21444,0
1.113,	0,0,0,	-0.726267,-1.21598,0
1.114,	0,0,0,	-0.72142,-1.2175,0
1.115,	0,0,0,	-0.716563,-1.21901,0
1.116,	0,0,0,	-0.711696,-1.22049,0
1.117,	0,0,0,	-0.706819,-1.22197,0
1.118,	0,0,0,	-0.701932,-1.22342,0
1.119,	0,0,0,	-0.697035,-1.22486,0
1.12,	0,0,0,	-0.692129,-1.22628,0
1.121,	0,0,0,	-0.687213,-1.22768,0
1.122,	0,0,0,	-0.682286,-1.22907,0
1.123,	0,0,0,	-0.677351,-1.23044,0
1.124,	0,0,0,	-0.672405,-1.23179,0
1.125,	0,0,0,	-0.66745,-1.23312,0
1.126,	0,0,0,	-0.662485,-1.23444,0
1.127,	0,0,0,	-0.657511,-1.23573,0
1.128,	0,0,0,	-0.652528,-1.23701,0
1.129,	0,0,0,	-0.647535,-1.23828,0
1.13,	0,0,0,	-0.642532,-1.23952,0
1.131,	0,0,0,	-0.637521,-1.24075,0
1.132,	0,0,0,	-0.6325,-1.24195,0
1.133,	0,0,0,	-0.627469,-1.24314,0
1.134,	0,0,0,	-0.62243,-1.24432,0
1.135,	0,0,0,	-0.617382,-1.24547,0
1.136,	0,0,0,	-0.612324,-1.24661,0
1.137,	0,0,0,	-0.607257,-1.24772,0
1.138,	0,0,0,	-0.602182,-1.24882,0
1.139,	0,0,0,	-0.597097,-1.2499,0
1.14,	0,0,0,	-0.592004,-1.25096,0
1.141,	0,0,0,	-0.586902,-1.25201,0
1.142,	0,0,0,	-0.581791,-1.25303,0
1.143,	0,0,0,	-0.576671,-1.25404,0
1.144,	0,0,0,	-0.571543,-1.25502,0
1.145,	0,0,0,	-0.566406,-1.25599,0
1.146,	0,0,0,	-0.561261,-1.25694,0
1.147,	0,0,0,	-0.556107,-1.25787,0
1.148,	0,0,0,	-0.550944,-1.25878,0
1.149,	0,0,0,	-0.545773,-1.25967,0
1.15,	0,0,0,	-0.540594,-1.26054,0
1.151,	0,0,0,	-0.535407,-1.2614,0
1.152,	0,0,0,	-0.530211,-1.26223,0
1.153,	0,0,0,	-0.525008,-1.26304,0
1.154,	0,0,0,	-0.519796,-1.26384,0
1.155,	0,0,0,	-0.514576,-1.26461,0
1.156,	0,0,0,	-0.509348,-1.26537,0
1.157,	0,0,0,	-0.504112,-1.2661,0
1.158,	0,0,0,	-0.498869,-1.26682,0
1.159,	0,0,0,	-0.493617,-1.26752,0
1.16,	0,0,0,	-0.488358,-1.26819,0
1.161,	0,0,0,	-0.483091,-1.26885,0
1.162,	0,0,0,	-0.477817,-1.26949,0
1.163,	0,0,0,	-0.472534,-1.2701,0
1.164,	0,0,0,	-0.467245,-1.2707,0
1.165,	0,0,0,	-0.461948,-1.27127,0
1.166,	0,0,0,	-0.456644,-1.27183,0
1.167,	0,0,0,	-0.451332,-1.27237,0
1.168,	0,0,0,	-0.446013,-1.27288,0
1.169,	0,0,0,	-0.440687,-1.27337,0
1.17,	0,0,0,	-0.435354,-1.27385,0
1.171,	0,0,0,	-0.430013,-1.2743,0
1.172,	0,0,0,	-0.424666,-1.27473,0
1.173,	0,0,0,	-0.419312,-1.27515,0
1.174,	0,0,0,	-0.413951,-1.27554,0
1.175,	0,0,0,	-0.408583,-1.27591,0
1.176,	0,0,0,	-0.403209,-1.27626,0
1.177,	0,0,0,	-0.397828,-1.27658,0
1.178,	0,0,0,	-0.39244,-1.27689,0
1.179,	0,0,0,	-0.387046,-1.27718,0
1.18,	0,0,0,	-0.381645,-1.27744,0
1.181,	0,0,0,	-0.376238,-1.27769,0
1.182,	0,0,0,	-0.370825,-1.27791,0
1.183,	0,0,0,	-0.365406,-1.27811,0
1.184,	0,0,0,	-0.35998,-1.27829,0
1.185,	0,0,0,	-0.354548,-1.27845,0
1.186,	0,0,0,	-0.349111,-1.27858,0
1.187,	0,0,0,	-0.343667,-1.2787,0
1.188,	0,0,0,	-0.338218,-1.27879,0
1.189,	0,0,0,	-0.332763,-1.27886,0
1.19,	0,0,0,	-0.327302,-1.27891,0
1.191,	0,0,0,	-0.321835,-1.27894,0
1.192,	0,0,0,	-0.316363,-1.27894,0
1.193,	0,0,0,	-0.310886,-1.27892,0
1.194,	0,0,0,	-0.305403,-1.27888,0
1.195,	0,0,0,	-0.299915,-1.27882,0
1.196,	0,0,0,	-0.294421,-1.27874,0
1.197,	0,0,0,	-0.288923,-1.27863,0
1.198,	0,0,0,	-0.283419,-1.27851,0
1.199,	0,0,0,	-0.27791,-1.27835,0
1.2,	0,0,0,	-0.272397,-1.27818,0
1.201,	0,0,0,	-0.266879,-1.27798,0
1.202,	0,0,0,	-0.261356,-1.27777,0
1.203,	0,0,0,	-0.255828,-1.27752,0
1.204,	0,0,0,	-0.250296,-1.27726,0
1.205,	0,0,0,	-0.244759,-1.27697,0
1.206,	0,0,0,	-0.239218,-1.27666,0
1.207,	0,0,0,	-0.233672,-1.27633,0
1.208,	0,0,0,	-0.228123,-1.27597,0
1.209,	0,0,0,	-0.222569,-1.27559,0
1.21,	0,0,0,	-0.217011,-1.27519,0
1.211,	0,0,0,	-0.211449,-1.27477,0
1.212,	0,0,0,	-0.205883,-1.27432,0
1.213,	0,0,0,	-0.200314,-1.27384,0
1.214,	0,0,0,	-0.194741,-1.27335,0
1.215,	0,0,0,	-0.189164,-1.27283,0
1.216,	0,0,0,	-0.183584,-1.27229,0
1.217,	0,0,0,	-0.178,-1.27172,0
1.218,	0,0,0,	-0.172413,-1.27113,0
1.219,	0,0,0,	-0.166823,-1.27051,0
1.22,	0,0,0,	-0.161229,-1.26988,0
1.221,	0,0,0,	-0.155633,-1.26922,0
1.222,	0,0,0,	-0.150034,-1.26853,0
1.223,	0,0,0,	-0.144432,-1.26782,0
1.224,	0,0,0,	-0.138827,-1.26709,0
1.225,	0,0,0,	-0.133219,-1.26633,0
1.226,	0,0,0,	-0.127609,-1.26554,0
1.227,	0,0,0,	-0.121996,-1.26474,0
1.228,	0,0,0,	-0.116382,-1.26391,0
1.229,	0,0,0,	-0.110764,-1.26305,0
1.23,	0,0,0,	-0.105145,-1.26217,0
1.231,	0,0,0,	-0.0995238,-1.26127,0
1.232,	0,0,0,	-0.0939006,-1.26034,0
1.233,	0,0,0,	-0.0882755,-1.25939,0
1.234,	0,0,0,	-0.0826486,-1.25841,0
1.235,	0,0,0,	-0.0770201,-1.2574,0
1.236,	0,0,0,	-0.0713902,-1.25638,0
1.237,	0,0,0,	-0.0657588,-1.25532,0
1.238,	0,0,0,	-0.060126,-1.25425,0
1.239,	0,0,0,	-0.0544921,-1.25314,0
1.24,	0,0,0,	-0.0488571,-1.25202,0
1.241,	0,0,0,	-0.0432212,-1.25086,0
1.242,	0,0,0,	-0.0375843,-1.24968,0
1.243,	0,0,0,	-0.0319467,-1.24848,0
1.244,	0,0,0,	-0.0263085,-1.24725,0
1.245,	0,0,0,	-0.0206697,-1.246,0
1.246,	0,0,0,	-0.0150305,-1.24472,0
1.247,	0,0,0,	-0.00939094,-1.24341,0
1.248,	0,0,0,	-0.00375123,-1.24208,0
1.249,	0,0,0,	0.00188856,-1.24073,0
1.25,	0,0,0,	0.00752831,-1.23935,0
1.251,	0,0,0,	0.0131679,-1.23794,0
1.252,	0,0,0,	0.0188072,-1.2365,0
1.253,	0,0,0,	0.0244462,-1.23505,0
1.254,	0,0,0,	0.0300846,-1.23356,0
1.255,	0,0,0,	0.0357224,-1.23205,0
1.256,	0,0,0,	0.0413594,-1.23051,0
1.257,	0,0,0,	0.0469955,-1.22895,0
1.258,	0,0,0,	0.0526307,-1.22736,0
1.259,	0,0,0,	0.0582647,-1.22575,0
1.26,	0,0,0,	0.0638975,-1.22411,0
1.261,	0,0,0,	0.0695289,-1.22244,0
1.262,	0,0,0,	0.0751589,-1.22074,0
1.263,	0,0,0,	0.0807872,-1.21902,0
1.264,	0,0,0,	0.0864137,-1.21728,0
1.265,	0,0,0,	0.0920384,-1.21551,0
1.266,	0,0,0,	0.0976611,-1.21371,0
1.267,	0,0,0,	0.103282,-1.21188,0
1.268,	0,0,0,	0.1089,-1.21003,0
1.269,	0,0,0,	0.114516,-1.20815,0
1.27,	0,0,0,	0.120129,-1.20624,0
1.271,	0,0,0,	0.12574,-1.20431,0
1.272,	0,0,0,	0.131348,-1.20235,0
1.273,	0,0,0,	0.136953,-1.20036,0
1.274,	0,0,0,	0.142555,-1.19835,0
1.275,	0,0,0,	0.148153,-1.19631,0
1.276,	0,0,0,	0.153749,-1.19424,0
1.277,	0,0,0,	0.15934,-1.19215,0
1.278,	0,0,0,	0.164929,-1.19003,0
1.279,	0,0,0,	0.170513,-1.18788,0
1.28,	0,0,0,	0.176094,-1.18571,0
1.281,	0,0,0,	0.18167,-1.1835,0
1.282,	0,0,0,	0.187243,-1.18127,0
1.283,	0,0,0,	0.192811,-1.17902,0
1.284,	0,0,0,	0.198374,-1.17673,0
1.285,	0,0,0,	0.203933,-1.17442,0
1.286,	0,0,0,	0.209488,-1.17208,0
1.287,	0,0,0,	0.215037,-1.16972,0
1.288,	0,0,0,	0.220581,-1.16732,0
1.289,	0,0,0,	0.22612,-1.1649,0
1.29,	0,0,0,	0.231654,-1.16245,0
1.291,	0,0,0,	0.237182,-1.15998,0
1.292,	0,0,0,	0.242705,-1.15747,0
1.293,	0,0,0,	0.248222,-1.15494,0
1.294,	0,0,0,	0.253733,-1.15238,0
1.295,	0,0,0,	0.259238,-1.1498,0
1.296,	0,0,0,	0.264736,-1.14718,0
1.297,	0,0,0,	0.270228,-1.14454,0
1.298,	0,0,0,	0.275714,-1.14187,0
1.299,	0,0,0,	0.281193,-1.13917,0
1.3,	0,0,0,	0.286665,-1.13645,0
1.301,	0,0,0,	0.29213,-1.13369,0
1.302,	0,0,0,	0.297588,-1.13091,0
1.303,	0,0,0,	0.303038,-1.1281,0
1.304,	0,0,0,	0.308481,-1.12526,0
1.305,	0,0,0,	0.313916,-1.1224,0
1.306,	0,0,0,	0.319344,-1.1195,0
1.307,	0,0,0,	0.324763,-1.11658,0
1.308,	0,0,0,	0.330174,-1.11363,0
1.309,	0,0,0,	0.335577,-1.11066,0
1.31,	0,0,0,	0.340972,-1.10765,0
1.311,	0,0,0,	0.346358,-1.10462,0
1.312,	0,0,0,	0.351735,-1.10156,0
1.313,	0,0,0,	0.357103,-1.09847,0
1.314,	0,0,0,	0.362462,-1.09535,0
1.315,	0,0,0,	0.367811,-1.0922,0
1.316,	0,0,0,	0.373151,-1.08903,0
1.317,	0,0,0,	0.378482,-1.08583,0
1.318,	0,0,0,	0.383802,-1.08259,0
1.319,	0,0,0,	0.389113,-1.07934,0
1.32,	0,0,0,	0.394413,-1.07605,0
1.321,	0,0,0,	0.399703,-1.07273,0
1.322,	0,0,0,	0.404983,-1.06939,0
1.323,	0,0,0,	0.410252,-1.06602,0
1.324,	0,0,0,	0.41551,-1.06262,0
1.325,	0,0,0,	0.420757,-1.05919,0
1.326,	0,0,0,	0.425993,-1.05573,0
1.327,	0,0,0,	0.431217,-1.05225,0
1.328,	0,0,0,	0.43643,-1.04874,0
1.329,	0,0,0,	0.441631,-1.04519,0
1.33,	0,0,0,	0.44682,-1.04162,0
1.331,	0,0,0,	0.451997,-1.03803,0
1.332,	0,0,0,	0.457162,-1.0344,0
1.333,	0,0,0,	0.462314,-1.03075,0
1.334,	0,0,0,	0.467453,-1.02706,0
1.335,	0,0,0,	0.47258,-1.02335,0
1.336,	0,0,0,	0.477694,-1.01962,0
1.337,	0,0,0,	0.482794,-1.01585,0
1.338,	0,0,0,	0.487881,-1.01205,0
1.339,	0,0,0,	0.492955,-1.00823,0
1.34,	0,0,0,	0.498014,-1.00438,0
1.341,	0,0,0,	0.50306,-1.0005,0
1.342,	0,0,0,	0.508092,-0.99659,0
1.343,	0,0,0,	0.513109,-0.992654,0
1.344,	0,0,0,	0.518112,-0.98869,0
1.345,	0,0,0,	0.5231,-0.984698,0
1.346,	0,0,0,	0.528073,-0.980678,0
1.347,	0,0,0,	0.533031,-0.97663,0
1.348,	0,0,0,	0.537974,-0.972554,0
1.349,	0,0,0,	0.542901,-0.96845,0
1.35,	0,0,0,	0.547813,-0.964318,0
1.351,	0,0,0,	0.552709,-0.960158,0
1.352,	0,0,0,	0.557589,-0.95597,0
1.353,	0,0,0,	0.562452,-0.951754,0
1.354,	0,0,0,	0.567299,-0.947511,0
1.355,	0,0,0,	0.57213,-0.94324,0
1.356,	0,0,0,	0.576943,-0.938941,0
1.357,	0,0,0,	0.58174,-0.934614,0
1.358,	0,0,0,	0.586519,-0.93026,0
1.359,	0,0,0,	0.591281,-0.925878,0
1.36,	0,0,0,	0.596026,-0.921468,0
1.361,	0,0,0,	0.600752,-0.917031,0
1.362,	0,0,0,	0.605461,-0.912566,0
1.363,	0,0,0,	0.610151,-0.908075,0
1.364,	0,0,0,	0.614823,-0.903555,0
1.365,	0,0,0,	0.619477,-0.899009,0
1.366,	0,0,0,	0.624111,-0.894435,0
1.367,	0,0,0,	0.628727,-0.889833,0
1.368,	0,0,0,	0.633323,-0.885205,0
1.369,	0,0,0,	0.6379,-0.88055,0
1.37,	0,0,0,	0.642458,-0.875867,0
1.371,	0,0,0,	0.646996,-0.871158,0
1.372,	0,0,0,	0.651513,-0.866422,0
1.373,	0,0,0,	0.656011,-0.861658,0
1.374,	0,0,0,	0.660488,-0.856868,0
1.375,	0,0,0,	0.664944,-0.852052,0
1.376,	0,0,0,	0.66938,-0.847208,0
1.377,	0,0,0,	0.673795,-0.842338,0
1.378,	0,0,0,	0.678188,-0.837442,0
1.379,	0,0,0,	0.68256,-0.832519,0
1.38,	0,0,0,	0.686911,-0.82757,0
1.381,	0,0,0,	0.69124,-0.822595,0
1.382,	0,0,0,	0.695546,-0.817593,0
1.383,	0,0,0,	0.699831,-0.812565,0
1.384,	0,0,0,	0.704093,-0.807512,0
1.385,	0,0,0,	0.708333,-0.802432,0
1.386,	0,0,0,	0.712549,-0.797327,0
1.387,	0,0,0,	0.716743,-0.792195,0
1.388,	0,0,0,	0.720913,-0.787038,0
1.389,	0,0,0,	0.725061,-0.781856,0
1.39,	0,0,0,	0.729184,-0.776648,0
1.391,	0,0,0,	0.733284,-0.771415,0
1.392,	0,0,0,	0.737359,-0.766156,0
1.393,	0,0,0,	0.741411,-0.760873,0
1.394,	0,0,0,	0.745438,-0.755564,0
1.395,	0,0,0,	0.74944,-0.75023,0
1.396,	0,0,0,	0.753418,-0.744872,0
1.397,	0,0,0,	0.757371,-0.739489,0
1.398,	0,0,0,	0.761298,-0.734081,0
1.399,	0,0,0,	0.7652,-0.728649,0
1.4,	0,0,0,	0.769076,-0.723192,0
1.401,	0,0,0,	0.772927,-0.717711,0
1.402,	0,0,0,	0.776751,-0.712206,0
1.403,	0,0,0,	0.78055,-0.706677,0
1.404,	0,0,0,	0.784322,-0.701124,0
1.405,	0,0,0,	0.788067,-0.695547,0
1.406,	0,0,0,	0.791786,-0.689946,0
1.407,	0,0,0,	0.795477,-0.684322,0
1.408,	0,0,0,	0.799142,-0.678675,0
1.409,	0,0,0,	0.802779,-0.673004,0
1.41,	0,0,0,	0.806388,-0.667311,0
1.411,	0,0,0,	0.80997,-0.661594,0
1.412,	0,0,0,	0.813524,-0.655854,0
1.413,	0,0,0,	0.817049,-0.650092,0
1.414,	0,0,0,	0.820547,-0.644307,0
1.415,	0,0,0,	0.824015,-0.6385,0
1.416,	0,0,0,	0.827456,-0.632671,0
1.417,	0,0,0,	0.830867,-0.626819,0
1.418,	0,0,0,	0.834249,-0.620946,0
1.419,	0,0,0,	0.837601,-0.61505,0
1.42,	0,0,0,	0.840925,-0.609134,0
1.421,	0,0,0,	0.844218,-0.603195,0
1.422,	0,0,0,	0.847482,-0.597235,0
1.423,	0,0,0,	0.850716,-0.591255,0
1.424,	0,0,0,	0.853919,-0.585253,0
1.425,	0,0,0,	0.857093,-0.57923,0
1.426,	0,0,0,	0.860235,-0.573187,0
1.427,	0,0,0,	0.863347,-0.567123,0
1.428,	0,0,0,	0.866428,-0.561039,0
1.429,	0,0,0,	0.869478,-0.554934,0
1.43,	0,0,0,	0.872497,-0.54881,0
1.431,	0,0,0,	0.875484,-0.542666,0
1.432,	0,0,0,	0.878439,-0.536503,0
1.433,	0,0,0,	0.881363,-0.53032,0
1.434,	0,0,0,	0.884255,-0.524117,0
1.435,	0,0,0,	0.887114,-0.517896,0
1.436,	0,0,0,	0.889941,-0.511656,0
1.437,	0,0,0,	0.892736,-0.505397,0
1.438,	0,0,0,	0.895498,-0.499119,0
1.439,	0,0,0,	0.898228,-0.492824,0
1.44,	0,0,0,	0.900924,-0.48651,0
1.441,	0,0,0,	0.903587,-0.480178,0
1.442,	0,0,0,	0.906217,-0.473829,0
1.443,	0,0,0,	0.908814,-0.467462,0
1.444,	0,0,0,	0.911377,-0.461078,0
1.445,	0,0,0,	0.913906,-0.454677,0
1.446,	0,0,0,	0.916401,-0.448259,0
1.447,	0,0,0,	0.918862,-0.441824,0
1.448,	0,0,0,	0.921289,-0.435373,0
1.449,	0,0,0,	0.923681,-0.428906,0
1.45,	0,0,0,	0.926039,-0.422422,0
1.451,	0,0,0,	0.928363,-0.415923,0
1.452,	0,0,0,	0.930651,-0.409408,0
1.453,	0,0,0,	0.932905,-0.402878,0
1.454,	0,0,0,	0.935123,-0.396332,0
1.455,	0,0,0,	0.937306,-0.389772,0
1.456,	0,0,0,	0.939454,-0.383197,0
1.457,	0,0,0,	0.941566,-0.376607,0
1.458,	0,0,0,	0.943643,-0.370004,0
1.459,	0,0,0,	0.945684,-0.363386,0
1.46,	0,0,0,	0.947689,-0.356754,0
1.461,	0,0,0,	0.949658,-0.350109,0
1.462,	0,0,0,	0.951591,-0.34345,0
1.463,	0,0,0,	0.953487,-0.336779,0
1.464,	0,0,0,	0.955347,-0.330094,0
1.465,	0,0,0,	0.957171,-0.323397,0
1.466,	0,0,0,	0.958958,-0.316688,0
1.467,	0,0,0,	0.960708,-0.309966,0
1.468,	0,0,0,	0.962421,-0.303233,0
1.469,	0,0,0,	0.964098,-0.296488,0
1.47,	0,0,0,	0.965737,-0.289731,0
1.471,	0,0,0,	0.967339,-0.282963,0
1.472,	0,0,0,	0.968904,-0.276185,0
1.473,	0,0,0,	0.970431,-0.269395,0
1.474,	0,0,0,	0.971921,-0.262596,0
1.475,	0,0,0,	0.973373,-0.255786,0
1.476,	0,0,0,	0.974788,-0.248966,0
1.477,	0,0,0,	0.976164,-0.242137,0
1.478,	0,0,0,	0.977503,-0.235298,0
1.479,	0,0,0,	0.978804,-0.22845,0
1.48,	0,0,0,	0.980067,-0.221593,0
1.481,	0,0,0,	0.981292,-0.214728,0
1.482,	0,0,0,	0.982478,-0.207854,0
1.483,	0,0,0,	0.983627,-0.200972,0
1.484,	0,0,0,	0.984736,-0.194082,0
1.485,	0,0,0,	0.985808,-0.187185,0
1.486,	0,0,0,	0.986841,-0.18028,0
1.487,	0,0,0,	0.987835,-0.173368,0
1.488,	0,0,0,	0.98879,-0.16645,0
1.489,	0,0,0,	0.989707,-0.159525,0
1.49,	0,0,0,	0.990585,-0.152594,0
1.491,	0,0,0,	0.991425,-0.145656,0
1.492,	0,0,0,	0.992225,-0.138713,0
1.493,	0,0,0,	0.992986,-0.131765,0
1.494,	0,0,0,	0.993709,-0.124811,0
1.495,	0,0,0,	0.994392,-0.117853,0
1.496,	0,0,0,	0.995036,-0.11089,0
1.497,	0,0,0,	0.995642,-0.103922,0
1.498,	0,0,0,	0.996207,-0.0969507,0
1.499,	0,0,0,	0.996734,-0.0899753,0
1.5,	0,0,0,	0.997222,-0.0829964,0
1.501,	0,0,0,	0.99767,-0.0760142,0
1.502,	0,0,0,	0.998079,-0.069029,0
1.503,	0,0,0,	0.998448,-0.0620411,0
1.504,	0,0,0,	0.998778,-0.0550507,0
1.505,	0,0,0,	0.999069,-0.0480582,0
1.506,	0,0,0,	0.99932,-0.0410637,0
1.507,	0,0,0,	0.999532,-0.0340677,0
1.508,	0,0,0,	0.999705,-0.0270703,0
1.509,	0,0,0,	0.999838,-0.0200718,0
1.51,	0,0,0,	0.999931,-0.0130725,0
1.511,	0,0,0,	0.999985,-0.00607277,0
1.512,	0,0,0,	1,0.000927242,0
1.513,	0,0,0,	0.999975,0.00792722,0
1.514,	0,0,0,	0.99991,0.0149269,0
1.515,	0,0,0,	0.999806,0.021926,0
1.516,	0,0,0,	0.999663,0.0289242,0
1.517,	0,0,0,	0.99948,0.0359212,0
1.518,	0,0,0,	0.999258,0.0429169,0
1.519,	0,0,0,	0.998996,0.0499109,0
1.52,	0,0,0,	0.998695,0.0569028,0
1.521,	0,0,0,	0.998355,0.0638926,0
1.522,	0,0,0,	0.997975,0.0708798,0
1.523,	0,0,0,	0.997556,0.0778643,0
1.524,	0,0,0,	0.997097,0.0848456,0
1.525,	0,0,0,	0.9966,0.0918236,0
1.526,	0,0,0,	0.996063,0.098798,0
1.527,	0,0,0,	0.995486,0.105769,0
1.528,	0,0,0,	0.994871,0.112735,0
1.529,	0,0,0,	0.994216,0.119697,0
1.53,	0,0,0,	0.993523,0.126654,0
1.531,	0,0,0,	0.99279,0.133606,0
1.532,	0,0,0,	0.992019,0.140553,0
1.533,	0,0,0,	0.991208,0.147495,0
1.534,	0,0,0,	0.990359,0.15443,0
1.535,	0,0,0,	0.98947,0.16136,0
1.536,	0,0,0,	0.988543,0.168283,0
1.537,	0,0,0,	0.987577,0.1752,0
1.538,	0,0,0,	0.986573,0.18211,0
1.539,	0,0,0,	0.98553,0.189013,0
1.54,	0,0,0,	0.984449,0.195908,0
1.541,	0,0,0,	0.983329,0.202796,0
1.542,	0,0,0,	0.98217,0.209676,0
1.543,	0,0,0,	0.980974,0.216547,0
1.544,	0,0,0,	0.979739,0.22341,0
1.545,	0,0,0,	0.978466,0.230265,0
1.546,	0,0,0,	0.977155,0.237111,0
1.547,	0,0,0,	0.975807,0.243947,0
1.548,	0,0,0,	0.97442,0.250774,0
1.549,	0,0,0,	0.972995,0.257591,0
1.55,	0,0,0,	0.971533,0.264398,0
1.551,	0,0,0,	0.970034,0.271195,0
1.552,	0,0,0,	0.968496,0.277982,0
1.553,	0,0,0,	0.966922,0.284757,0
1.554,	0,0,0,	0.96531,0.291522,0
1.555,	0,0,0,	0.963661,0.298276,0
1.556,	0,0,0,	0.961975,0.305018,0
1.557,	0,0,0,	0.960252,0.311748,0
1.558,	0,0,0,	0.958492,0.318467,0
1.559,	0,0,0,	0.956696,0.325173,0
1.56,	0,0,0,	0.954862,0.331867,0
1.561,	0,0,0,	0.952993,0.338548,0
1.562,	0,0,0,	0.951087,0.345216,0
1.563,	0,0,0,	0.949144,0.351871,0
1.564,	0,0,0,	0.947166,0.358512,0
1.565,	0,0,0,	0.945152,0.36514,0
1.566,	0,0,0,	0.943101,0.371755,0
1.567,	0,0,0,	0.941015,0.378355,0
1.568,	0,0,0,	0.938894,0.38494,0
1.569,	0,0,0,	0.936737,0.391512,0
1.57,	0,0,0,	0.934544,0.398068,0
1.571,	0,0,0,	0.932316,0.404609,0
1.572,	0,0,0,	0.930054,0.411136,0
1.573,	0,0,0,	0.927756,0.417646,0
1.574,	0,0,0,	0.925424,0.424141,0
1.575,	0,0,0,	0.923057,0.430621,0
1.576,	0,0,0,	0.920655,0.437084,0
1.577,	0,0,0,	0.918219,0.443531,0
1.578,	0,0,0,	0.915749,0.449961,0
1.579,	0,0,0,	0.913245,0.456375,0
1.58,	0,0,0,	0.910707,0.462771,0
1.581,	0,0,0,	0.908136,0.469151,0
1.582,	0,0,0,	0.90553,0.475513,0
1.583,	0,0,0,	0.902892,0.481858,0
1.584,	0,0,0,	0.90022,0.488185,0
1.585,	0,0,0,	0.897515,0.494494,0
1.586,	0,0,0,	0.894777,0.500784,0
1.587,	0,0,0,	0.892006,0.507057,0
1.588,	0,0,0,	0.889203,0.513311,0
1.589,	0,0,0,	0.886367,0.519546,0
1.59,	0,0,0,	0.883499,0.525762,0
1.591,	0,0,0,	0.880599,0.53196,0
1.592,	0,0,0,	0.877667,0.538138,0
1.593,	0,0,0,	0.874703,0.544296,0
1.594,	0,0,0,	0.871708,0.550435,0
1.595,	0,0,0,	0.868681,0.556554,0
1.596,	0,0,0,	0.865623,0.562653,0
1.597,	0,0,0,	0.862534,0.568732,0
1.598,	0,0,0,	0.859414,0.57479,0
1.599,	0,0,0,	0.856263,0.580828,0
1.6,	0,0,0,	0.853082,0.586845,0
