Simulation of solar system over 1 years, with 1000 iterations, using verlet´s method.
Time 	sun	 	earth	 	
0,	0,0,0,	0.99998,3.24328,0
0.001,	0,0,0,	0.99996,6.48656,0
0.002,	0,0,0,	0.999939,9.72983,0
0.003,	0,0,0,	0.999918,12.9731,0
0.004,	0,0,0,	0.999897,16.2164,0
0.005,	0,0,0,	0.999876,19.4597,0
0.006,	0,0,0,	0.999855,22.7029,0
0.007,	0,0,0,	0.999834,25.9462,0
0.008,	0,0,0,	0.999813,29.1895,0
0.009,	0,0,0,	0.999792,32.4328,0
0.01,	0,0,0,	0.999771,35.676,0
0.011,	0,0,0,	0.99975,38.9193,0
0.012,	0,0,0,	0.999729,42.1626,0
0.013,	0,0,0,	0.999708,45.4059,0
0.014,	0,0,0,	0.999687,48.6491,0
0.015,	0,0,0,	0.999666,51.8924,0
0.016,	0,0,0,	0.999645,55.1357,0
0.017,	0,0,0,	0.999624,58.379,0
0.018,	0,0,0,	0.999603,61.6222,0
0.019,	0,0,0,	0.999582,64.8655,0
0.02,	0,0,0,	0.999561,68.1088,0
0.021,	0,0,0,	0.99954,71.3521,0
0.022,	0,0,0,	0.999519,74.5953,0
0.023,	0,0,0,	0.999498,77.8386,0
0.024,	0,0,0,	0.999477,81.0819,0
0.025,	0,0,0,	0.999456,84.3252,0
0.026,	0,0,0,	0.999435,87.5684,0
0.027,	0,0,0,	0.999414,90.8117,0
0.028,	0,0,0,	0.999393,94.055,0
0.029,	0,0,0,	0.999372,97.2983,0
0.03,	0,0,0,	0.999351,100.542,0
0.031,	0,0,0,	0.99933,103.785,0
0.032,	0,0,0,	0.999309,107.028,0
0.033,	0,0,0,	0.999289,110.271,0
0.034,	0,0,0,	0.999268,113.515,0
0.035,	0,0,0,	0.999247,116.758,0
0.036,	0,0,0,	0.999226,120.001,0
0.037,	0,0,0,	0.999205,123.244,0
0.038,	0,0,0,	0.999184,126.488,0
0.039,	0,0,0,	0.999163,129.731,0
0.04,	0,0,0,	0.999142,132.974,0
0.041,	0,0,0,	0.999121,136.218,0
0.042,	0,0,0,	0.9991,139.461,0
0.043,	0,0,0,	0.999079,142.704,0
0.044,	0,0,0,	0.999058,145.947,0
0.045,	0,0,0,	0.999037,149.191,0
0.046,	0,0,0,	0.999016,152.434,0
0.047,	0,0,0,	0.998995,155.677,0
0.048,	0,0,0,	0.998974,158.92,0
0.049,	0,0,0,	0.998953,162.164,0
0.05,	0,0,0,	0.998932,165.407,0
0.051,	0,0,0,	0.998911,168.65,0
0.052,	0,0,0,	0.99889,171.894,0
0.053,	0,0,0,	0.998869,175.137,0
0.054,	0,0,0,	0.998848,178.38,0
0.055,	0,0,0,	0.998827,181.623,0
0.056,	0,0,0,	0.998806,184.867,0
0.057,	0,0,0,	0.998785,188.11,0
0.058,	0,0,0,	0.998764,191.353,0
0.059,	0,0,0,	0.998743,194.597,0
0.06,	0,0,0,	0.998722,197.84,0
0.061,	0,0,0,	0.998701,201.083,0
0.062,	0,0,0,	0.99868,204.326,0
0.063,	0,0,0,	0.998659,207.57,0
0.064,	0,0,0,	0.998638,210.813,0
0.065,	0,0,0,	0.998617,214.056,0
0.066,	0,0,0,	0.998596,217.299,0
0.067,	0,0,0,	0.998575,220.543,0
0.068,	0,0,0,	0.998554,223.786,0
0.069,	0,0,0,	0.998533,227.029,0
0.07,	0,0,0,	0.998512,230.273,0
0.071,	0,0,0,	0.998491,233.516,0
0.072,	0,0,0,	0.99847,236.759,0
0.073,	0,0,0,	0.998449,240.002,0
0.074,	0,0,0,	0.998428,243.246,0
0.075,	0,0,0,	0.998407,246.489,0
0.076,	0,0,0,	0.998387,249.732,0
0.077,	0,0,0,	0.998366,252.975,0
0.078,	0,0,0,	0.998345,256.219,0
0.079,	0,0,0,	0.998324,259.462,0
0.08,	0,0,0,	0.998303,262.705,0
0.081,	0,0,0,	0.998282,265.949,0
0.082,	0,0,0,	0.998261,269.192,0
0.083,	0,0,0,	0.99824,272.435,0
0.084,	0,0,0,	0.998219,275.678,0
0.085,	0,0,0,	0.998198,278.922,0
0.086,	0,0,0,	0.998177,282.165,0
0.087,	0,0,0,	0.998156,285.408,0
0.088,	0,0,0,	0.998135,288.651,0
0.089,	0,0,0,	0.998114,291.895,0
0.09,	0,0,0,	0.998093,295.138,0
0.091,	0,0,0,	0.998072,298.381,0
0.092,	0,0,0,	0.998051,301.625,0
0.093,	0,0,0,	0.99803,304.868,0
0.094,	0,0,0,	0.998009,308.111,0
0.095,	0,0,0,	0.997988,311.354,0
0.096,	0,0,0,	0.997967,314.598,0
0.097,	0,0,0,	0.997946,317.841,0
0.098,	0,0,0,	0.997925,321.084,0
0.099,	0,0,0,	0.997904,324.328,0
0.1,	0,0,0,	0.997883,327.571,0
0.101,	0,0,0,	0.997862,330.814,0
0.102,	0,0,0,	0.997841,334.057,0
0.103,	0,0,0,	0.99782,337.301,0
0.104,	0,0,0,	0.997799,340.544,0
0.105,	0,0,0,	0.997778,343.787,0
0.106,	0,0,0,	0.997757,347.03,0
0.107,	0,0,0,	0.997736,350.274,0
0.108,	0,0,0,	0.997715,353.517,0
0.109,	0,0,0,	0.997694,356.76,0
0.11,	0,0,0,	0.997673,360.004,0
0.111,	0,0,0,	0.997652,363.247,0
0.112,	0,0,0,	0.997631,366.49,0
0.113,	0,0,0,	0.99761,369.733,0
0.114,	0,0,0,	0.997589,372.977,0
0.115,	0,0,0,	0.997568,376.22,0
0.116,	0,0,0,	0.997547,379.463,0
0.117,	0,0,0,	0.997526,382.706,0
0.118,	0,0,0,	0.997505,385.95,0
0.119,	0,0,0,	0.997485,389.193,0
0.12,	0,0,0,	0.997464,392.436,0
0.121,	0,0,0,	0.997443,395.68,0
0.122,	0,0,0,	0.997422,398.923,0
0.123,	0,0,0,	0.997401,402.166,0
0.124,	0,0,0,	0.99738,405.409,0
0.125,	0,0,0,	0.997359,408.653,0
0.126,	0,0,0,	0.997338,411.896,0
0.127,	0,0,0,	0.997317,415.139,0
0.128,	0,0,0,	0.997296,418.382,0
0.129,	0,0,0,	0.997275,421.626,0
0.13,	0,0,0,	0.997254,424.869,0
0.131,	0,0,0,	0.997233,428.112,0
0.132,	0,0,0,	0.997212,431.356,0
0.133,	0,0,0,	0.997191,434.599,0
0.134,	0,0,0,	0.99717,437.842,0
0.135,	0,0,0,	0.997149,441.085,0
0.136,	0,0,0,	0.997128,444.329,0
0.137,	0,0,0,	0.997107,447.572,0
0.138,	0,0,0,	0.997086,450.815,0
0.139,	0,0,0,	0.997065,454.059,0
0.14,	0,0,0,	0.997044,457.302,0
0.141,	0,0,0,	0.997023,460.545,0
0.142,	0,0,0,	0.997002,463.788,0
0.143,	0,0,0,	0.996981,467.032,0
0.144,	0,0,0,	0.99696,470.275,0
0.145,	0,0,0,	0.996939,473.518,0
0.146,	0,0,0,	0.996918,476.761,0
0.147,	0,0,0,	0.996897,480.005,0
0.148,	0,0,0,	0.996876,483.248,0
0.149,	0,0,0,	0.996855,486.491,0
0.15,	0,0,0,	0.996834,489.735,0
0.151,	0,0,0,	0.996813,492.978,0
0.152,	0,0,0,	0.996792,496.221,0
0.153,	0,0,0,	0.996771,499.464,0
0.154,	0,0,0,	0.99675,502.708,0
0.155,	0,0,0,	0.996729,505.951,0
0.156,	0,0,0,	0.996708,509.194,0
0.157,	0,0,0,	0.996687,512.437,0
0.158,	0,0,0,	0.996666,515.681,0
0.159,	0,0,0,	0.996645,518.924,0
0.16,	0,0,0,	0.996624,522.167,0
0.161,	0,0,0,	0.996603,525.411,0
0.162,	0,0,0,	0.996583,528.654,0
0.163,	0,0,0,	0.996562,531.897,0
0.164,	0,0,0,	0.996541,535.14,0
0.165,	0,0,0,	0.99652,538.384,0
0.166,	0,0,0,	0.996499,541.627,0
0.167,	0,0,0,	0.996478,544.87,0
0.168,	0,0,0,	0.996457,548.113,0
0.169,	0,0,0,	0.996436,551.357,0
0.17,	0,0,0,	0.996415,554.6,0
0.171,	0,0,0,	0.996394,557.843,0
0.172,	0,0,0,	0.996373,561.087,0
0.173,	0,0,0,	0.996352,564.33,0
0.174,	0,0,0,	0.996331,567.573,0
0.175,	0,0,0,	0.99631,570.816,0
0.176,	0,0,0,	0.996289,574.06,0
0.177,	0,0,0,	0.996268,577.303,0
0.178,	0,0,0,	0.996247,580.546,0
0.179,	0,0,0,	0.996226,583.789,0
0.18,	0,0,0,	0.996205,587.033,0
0.181,	0,0,0,	0.996184,590.276,0
0.182,	0,0,0,	0.996163,593.519,0
0.183,	0,0,0,	0.996142,596.763,0
0.184,	0,0,0,	0.996121,600.006,0
0.185,	0,0,0,	0.9961,603.249,0
0.186,	0,0,0,	0.996079,606.492,0
0.187,	0,0,0,	0.996058,609.736,0
0.188,	0,0,0,	0.996037,612.979,0
0.189,	0,0,0,	0.996016,616.222,0
0.19,	0,0,0,	0.995995,619.466,0
0.191,	0,0,0,	0.995974,622.709,0
0.192,	0,0,0,	0.995953,625.952,0
0.193,	0,0,0,	0.995932,629.195,0
0.194,	0,0,0,	0.995911,632.439,0
0.195,	0,0,0,	0.99589,635.682,0
0.196,	0,0,0,	0.995869,638.925,0
0.197,	0,0,0,	0.995848,642.168,0
0.198,	0,0,0,	0.995827,645.412,0
0.199,	0,0,0,	0.995806,648.655,0
0.2,	0,0,0,	0.995785,651.898,0
0.201,	0,0,0,	0.995764,655.142,0
0.202,	0,0,0,	0.995743,658.385,0
0.203,	0,0,0,	0.995722,661.628,0
0.204,	0,0,0,	0.995701,664.871,0
0.205,	0,0,0,	0.995681,668.115,0
0.206,	0,0,0,	0.99566,671.358,0
0.207,	0,0,0,	0.995639,674.601,0
0.208,	0,0,0,	0.995618,677.844,0
0.209,	0,0,0,	0.995597,681.088,0
0.21,	0,0,0,	0.995576,684.331,0
0.211,	0,0,0,	0.995555,687.574,0
0.212,	0,0,0,	0.995534,690.818,0
0.213,	0,0,0,	0.995513,694.061,0
0.214,	0,0,0,	0.995492,697.304,0
0.215,	0,0,0,	0.995471,700.547,0
0.216,	0,0,0,	0.99545,703.791,0
0.217,	0,0,0,	0.995429,707.034,0
0.218,	0,0,0,	0.995408,710.277,0
0.219,	0,0,0,	0.995387,713.52,0
0.22,	0,0,0,	0.995366,716.764,0
0.221,	0,0,0,	0.995345,720.007,0
0.222,	0,0,0,	0.995324,723.25,0
0.223,	0,0,0,	0.995303,726.494,0
0.224,	0,0,0,	0.995282,729.737,0
0.225,	0,0,0,	0.995261,732.98,0
0.226,	0,0,0,	0.99524,736.223,0
0.227,	0,0,0,	0.995219,739.467,0
0.228,	0,0,0,	0.995198,742.71,0
0.229,	0,0,0,	0.995177,745.953,0
0.23,	0,0,0,	0.995156,749.197,0
0.231,	0,0,0,	0.995135,752.44,0
0.232,	0,0,0,	0.995114,755.683,0
0.233,	0,0,0,	0.995093,758.926,0
0.234,	0,0,0,	0.995072,762.17,0
0.235,	0,0,0,	0.995051,765.413,0
0.236,	0,0,0,	0.99503,768.656,0
0.237,	0,0,0,	0.995009,771.899,0
0.238,	0,0,0,	0.994988,775.143,0
0.239,	0,0,0,	0.994967,778.386,0
0.24,	0,0,0,	0.994946,781.629,0
0.241,	0,0,0,	0.994925,784.873,0
0.242,	0,0,0,	0.994904,788.116,0
0.243,	0,0,0,	0.994883,791.359,0
0.244,	0,0,0,	0.994862,794.602,0
0.245,	0,0,0,	0.994841,797.846,0
0.246,	0,0,0,	0.99482,801.089,0
0.247,	0,0,0,	0.994799,804.332,0
0.248,	0,0,0,	0.994778,807.575,0
0.249,	0,0,0,	0.994758,810.819,0
0.25,	0,0,0,	0.994737,814.062,0
0.251,	0,0,0,	0.994716,817.305,0
0.252,	0,0,0,	0.994695,820.549,0
0.253,	0,0,0,	0.994674,823.792,0
0.254,	0,0,0,	0.994653,827.035,0
0.255,	0,0,0,	0.994632,830.278,0
0.256,	0,0,0,	0.994611,833.522,0
0.257,	0,0,0,	0.99459,836.765,0
0.258,	0,0,0,	0.994569,840.008,0
0.259,	0,0,0,	0.994548,843.251,0
0.26,	0,0,0,	0.994527,846.495,0
0.261,	0,0,0,	0.994506,849.738,0
0.262,	0,0,0,	0.994485,852.981,0
0.263,	0,0,0,	0.994464,856.225,0
0.264,	0,0,0,	0.994443,859.468,0
0.265,	0,0,0,	0.994422,862.711,0
0.266,	0,0,0,	0.994401,865.954,0
0.267,	0,0,0,	0.99438,869.198,0
0.268,	0,0,0,	0.994359,872.441,0
0.269,	0,0,0,	0.994338,875.684,0
0.27,	0,0,0,	0.994317,878.928,0
0.271,	0,0,0,	0.994296,882.171,0
0.272,	0,0,0,	0.994275,885.414,0
0.273,	0,0,0,	0.994254,888.657,0
0.274,	0,0,0,	0.994233,891.901,0
0.275,	0,0,0,	0.994212,895.144,0
0.276,	0,0,0,	0.994191,898.387,0
0.277,	0,0,0,	0.99417,901.63,0
0.278,	0,0,0,	0.994149,904.874,0
0.279,	0,0,0,	0.994128,908.117,0
0.28,	0,0,0,	0.994107,911.36,0
0.281,	0,0,0,	0.994086,914.604,0
0.282,	0,0,0,	0.994065,917.847,0
0.283,	0,0,0,	0.994044,921.09,0
0.284,	0,0,0,	0.994023,924.333,0
0.285,	0,0,0,	0.994002,927.577,0
0.286,	0,0,0,	0.993981,930.82,0
0.287,	0,0,0,	0.99396,934.063,0
0.288,	0,0,0,	0.993939,937.306,0
0.289,	0,0,0,	0.993918,940.55,0
0.29,	0,0,0,	0.993897,943.793,0
0.291,	0,0,0,	0.993876,947.036,0
0.292,	0,0,0,	0.993856,950.28,0
0.293,	0,0,0,	0.993835,953.523,0
0.294,	0,0,0,	0.993814,956.766,0
0.295,	0,0,0,	0.993793,960.009,0
0.296,	0,0,0,	0.993772,963.253,0
0.297,	0,0,0,	0.993751,966.496,0
0.298,	0,0,0,	0.99373,969.739,0
0.299,	0,0,0,	0.993709,972.982,0
0.3,	0,0,0,	0.993688,976.226,0
0.301,	0,0,0,	0.993667,979.469,0
0.302,	0,0,0,	0.993646,982.712,0
0.303,	0,0,0,	0.993625,985.956,0
0.304,	0,0,0,	0.993604,989.199,0
0.305,	0,0,0,	0.993583,992.442,0
0.306,	0,0,0,	0.993562,995.685,0
0.307,	0,0,0,	0.993541,998.929,0
0.308,	0,0,0,	0.99352,1002.17,0
0.309,	0,0,0,	0.993499,1005.42,0
0.31,	0,0,0,	0.993478,1008.66,0
0.311,	0,0,0,	0.993457,1011.9,0
0.312,	0,0,0,	0.993436,1015.15,0
0.313,	0,0,0,	0.993415,1018.39,0
0.314,	0,0,0,	0.993394,1021.63,0
0.315,	0,0,0,	0.993373,1024.87,0
0.316,	0,0,0,	0.993352,1028.12,0
0.317,	0,0,0,	0.993331,1031.36,0
0.318,	0,0,0,	0.99331,1034.6,0
0.319,	0,0,0,	0.993289,1037.85,0
0.32,	0,0,0,	0.993268,1041.09,0
0.321,	0,0,0,	0.993247,1044.33,0
0.322,	0,0,0,	0.993226,1047.58,0
0.323,	0,0,0,	0.993205,1050.82,0
0.324,	0,0,0,	0.993184,1054.06,0
0.325,	0,0,0,	0.993163,1057.31,0
0.326,	0,0,0,	0.993142,1060.55,0
0.327,	0,0,0,	0.993121,1063.79,0
0.328,	0,0,0,	0.9931,1067.04,0
0.329,	0,0,0,	0.993079,1070.28,0
0.33,	0,0,0,	0.993058,1073.52,0
0.331,	0,0,0,	0.993037,1076.77,0
0.332,	0,0,0,	0.993016,1080.01,0
0.333,	0,0,0,	0.992995,1083.25,0
0.334,	0,0,0,	0.992974,1086.5,0
0.335,	0,0,0,	0.992954,1089.74,0
0.336,	0,0,0,	0.992933,1092.98,0
0.337,	0,0,0,	0.992912,1096.23,0
0.338,	0,0,0,	0.992891,1099.47,0
0.339,	0,0,0,	0.99287,1102.71,0
0.34,	0,0,0,	0.992849,1105.96,0
0.341,	0,0,0,	0.992828,1109.2,0
0.342,	0,0,0,	0.992807,1112.44,0
0.343,	0,0,0,	0.992786,1115.69,0
0.344,	0,0,0,	0.992765,1118.93,0
0.345,	0,0,0,	0.992744,1122.17,0
0.346,	0,0,0,	0.992723,1125.42,0
0.347,	0,0,0,	0.992702,1128.66,0
0.348,	0,0,0,	0.992681,1131.9,0
0.349,	0,0,0,	0.99266,1135.15,0
0.35,	0,0,0,	0.992639,1138.39,0
0.351,	0,0,0,	0.992618,1141.63,0
0.352,	0,0,0,	0.992597,1144.88,0
0.353,	0,0,0,	0.992576,1148.12,0
0.354,	0,0,0,	0.992555,1151.36,0
0.355,	0,0,0,	0.992534,1154.61,0
0.356,	0,0,0,	0.992513,1157.85,0
0.357,	0,0,0,	0.992492,1161.09,0
0.358,	0,0,0,	0.992471,1164.34,0
0.359,	0,0,0,	0.99245,1167.58,0
0.36,	0,0,0,	0.992429,1170.82,0
0.361,	0,0,0,	0.992408,1174.07,0
0.362,	0,0,0,	0.992387,1177.31,0
0.363,	0,0,0,	0.992366,1180.55,0
0.364,	0,0,0,	0.992345,1183.8,0
0.365,	0,0,0,	0.992324,1187.04,0
0.366,	0,0,0,	0.992303,1190.28,0
0.367,	0,0,0,	0.992282,1193.53,0
0.368,	0,0,0,	0.992261,1196.77,0
0.369,	0,0,0,	0.99224,1200.01,0
0.37,	0,0,0,	0.992219,1203.25,0
0.371,	0,0,0,	0.992198,1206.5,0
0.372,	0,0,0,	0.992177,1209.74,0
0.373,	0,0,0,	0.992156,1212.98,0
0.374,	0,0,0,	0.992135,1216.23,0
0.375,	0,0,0,	0.992114,1219.47,0
0.376,	0,0,0,	0.992093,1222.71,0
0.377,	0,0,0,	0.992072,1225.96,0
0.378,	0,0,0,	0.992052,1229.2,0
0.379,	0,0,0,	0.992031,1232.44,0
0.38,	0,0,0,	0.99201,1235.69,0
0.381,	0,0,0,	0.991989,1238.93,0
0.382,	0,0,0,	0.991968,1242.17,0
0.383,	0,0,0,	0.991947,1245.42,0
0.384,	0,0,0,	0.991926,1248.66,0
0.385,	0,0,0,	0.991905,1251.9,0
0.386,	0,0,0,	0.991884,1255.15,0
0.387,	0,0,0,	0.991863,1258.39,0
0.388,	0,0,0,	0.991842,1261.63,0
0.389,	0,0,0,	0.991821,1264.88,0
0.39,	0,0,0,	0.9918,1268.12,0
0.391,	0,0,0,	0.991779,1271.36,0
0.392,	0,0,0,	0.991758,1274.61,0
0.393,	0,0,0,	0.991737,1277.85,0
0.394,	0,0,0,	0.991716,1281.09,0
0.395,	0,0,0,	0.991695,1284.34,0
0.396,	0,0,0,	0.991674,1287.58,0
0.397,	0,0,0,	0.991653,1290.82,0
0.398,	0,0,0,	0.991632,1294.07,0
0.399,	0,0,0,	0.991611,1297.31,0
0.4,	0,0,0,	0.99159,1300.55,0
0.401,	0,0,0,	0.991569,1303.8,0
0.402,	0,0,0,	0.991548,1307.04,0
0.403,	0,0,0,	0.991527,1310.28,0
0.404,	0,0,0,	0.991506,1313.53,0
0.405,	0,0,0,	0.991485,1316.77,0
0.406,	0,0,0,	0.991464,1320.01,0
0.407,	0,0,0,	0.991443,1323.26,0
0.408,	0,0,0,	0.991422,1326.5,0
0.409,	0,0,0,	0.991401,1329.74,0
0.41,	0,0,0,	0.99138,1332.99,0
0.411,	0,0,0,	0.991359,1336.23,0
0.412,	0,0,0,	0.991338,1339.47,0
0.413,	0,0,0,	0.991317,1342.72,0
0.414,	0,0,0,	0.991296,1345.96,0
0.415,	0,0,0,	0.991275,1349.2,0
0.416,	0,0,0,	0.991254,1352.45,0
0.417,	0,0,0,	0.991233,1355.69,0
0.418,	0,0,0,	0.991212,1358.93,0
0.419,	0,0,0,	0.991191,1362.18,0
0.42,	0,0,0,	0.99117,1365.42,0
0.421,	0,0,0,	0.991149,1368.66,0
0.422,	0,0,0,	0.991129,1371.91,0
0.423,	0,0,0,	0.991108,1375.15,0
0.424,	0,0,0,	0.991087,1378.39,0
0.425,	0,0,0,	0.991066,1381.64,0
0.426,	0,0,0,	0.991045,1384.88,0
0.427,	0,0,0,	0.991024,1388.12,0
0.428,	0,0,0,	0.991003,1391.36,0
0.429,	0,0,0,	0.990982,1394.61,0
0.43,	0,0,0,	0.990961,1397.85,0
0.431,	0,0,0,	0.99094,1401.09,0
0.432,	0,0,0,	0.990919,1404.34,0
0.433,	0,0,0,	0.990898,1407.58,0
0.434,	0,0,0,	0.990877,1410.82,0
0.435,	0,0,0,	0.990856,1414.07,0
0.436,	0,0,0,	0.990835,1417.31,0
0.437,	0,0,0,	0.990814,1420.55,0
0.438,	0,0,0,	0.990793,1423.8,0
0.439,	0,0,0,	0.990772,1427.04,0
0.44,	0,0,0,	0.990751,1430.28,0
0.441,	0,0,0,	0.99073,1433.53,0
0.442,	0,0,0,	0.990709,1436.77,0
0.443,	0,0,0,	0.990688,1440.01,0
0.444,	0,0,0,	0.990667,1443.26,0
0.445,	0,0,0,	0.990646,1446.5,0
0.446,	0,0,0,	0.990625,1449.74,0
0.447,	0,0,0,	0.990604,1452.99,0
0.448,	0,0,0,	0.990583,1456.23,0
0.449,	0,0,0,	0.990562,1459.47,0
0.45,	0,0,0,	0.990541,1462.72,0
0.451,	0,0,0,	0.99052,1465.96,0
0.452,	0,0,0,	0.990499,1469.2,0
0.453,	0,0,0,	0.990478,1472.45,0
0.454,	0,0,0,	0.990457,1475.69,0
0.455,	0,0,0,	0.990436,1478.93,0
0.456,	0,0,0,	0.990415,1482.18,0
0.457,	0,0,0,	0.990394,1485.42,0
0.458,	0,0,0,	0.990373,1488.66,0
0.459,	0,0,0,	0.990352,1491.91,0
0.46,	0,0,0,	0.990331,1495.15,0
0.461,	0,0,0,	0.99031,1498.39,0
0.462,	0,0,0,	0.990289,1501.64,0
0.463,	0,0,0,	0.990268,1504.88,0
0.464,	0,0,0,	0.990247,1508.12,0
0.465,	0,0,0,	0.990227,1511.37,0
0.466,	0,0,0,	0.990206,1514.61,0
0.467,	0,0,0,	0.990185,1517.85,0
0.468,	0,0,0,	0.990164,1521.1,0
0.469,	0,0,0,	0.990143,1524.34,0
0.47,	0,0,0,	0.990122,1527.58,0
0.471,	0,0,0,	0.990101,1530.83,0
0.472,	0,0,0,	0.99008,1534.07,0
0.473,	0,0,0,	0.990059,1537.31,0
0.474,	0,0,0,	0.990038,1540.56,0
0.475,	0,0,0,	0.990017,1543.8,0
0.476,	0,0,0,	0.989996,1547.04,0
0.477,	0,0,0,	0.989975,1550.29,0
0.478,	0,0,0,	0.989954,1553.53,0
0.479,	0,0,0,	0.989933,1556.77,0
0.48,	0,0,0,	0.989912,1560.02,0
0.481,	0,0,0,	0.989891,1563.26,0
0.482,	0,0,0,	0.98987,1566.5,0
0.483,	0,0,0,	0.989849,1569.75,0
0.484,	0,0,0,	0.989828,1572.99,0
0.485,	0,0,0,	0.989807,1576.23,0
0.486,	0,0,0,	0.989786,1579.47,0
0.487,	0,0,0,	0.989765,1582.72,0
0.488,	0,0,0,	0.989744,1585.96,0
0.489,	0,0,0,	0.989723,1589.2,0
0.49,	0,0,0,	0.989702,1592.45,0
0.491,	0,0,0,	0.989681,1595.69,0
0.492,	0,0,0,	0.98966,1598.93,0
0.493,	0,0,0,	0.989639,1602.18,0
0.494,	0,0,0,	0.989618,1605.42,0
0.495,	0,0,0,	0.989597,1608.66,0
0.496,	0,0,0,	0.989576,1611.91,0
0.497,	0,0,0,	0.989555,1615.15,0
0.498,	0,0,0,	0.989534,1618.39,0
0.499,	0,0,0,	0.989513,1621.64,0
0.5,	0,0,0,	0.989492,1624.88,0
0.501,	0,0,0,	0.989471,1628.12,0
0.502,	0,0,0,	0.98945,1631.37,0
0.503,	0,0,0,	0.989429,1634.61,0
0.504,	0,0,0,	0.989408,1637.85,0
0.505,	0,0,0,	0.989387,1641.1,0
0.506,	0,0,0,	0.989366,1644.34,0
0.507,	0,0,0,	0.989345,1647.58,0
0.508,	0,0,0,	0.989325,1650.83,0
0.509,	0,0,0,	0.989304,1654.07,0
0.51,	0,0,0,	0.989283,1657.31,0
0.511,	0,0,0,	0.989262,1660.56,0
0.512,	0,0,0,	0.989241,1663.8,0
0.513,	0,0,0,	0.98922,1667.04,0
0.514,	0,0,0,	0.989199,1670.29,0
0.515,	0,0,0,	0.989178,1673.53,0
0.516,	0,0,0,	0.989157,1676.77,0
0.517,	0,0,0,	0.989136,1680.02,0
0.518,	0,0,0,	0.989115,1683.26,0
0.519,	0,0,0,	0.989094,1686.5,0
0.52,	0,0,0,	0.989073,1689.75,0
0.521,	0,0,0,	0.989052,1692.99,0
0.522,	0,0,0,	0.989031,1696.23,0
0.523,	0,0,0,	0.98901,1699.48,0
0.524,	0,0,0,	0.988989,1702.72,0
0.525,	0,0,0,	0.988968,1705.96,0
0.526,	0,0,0,	0.988947,1709.21,0
0.527,	0,0,0,	0.988926,1712.45,0
0.528,	0,0,0,	0.988905,1715.69,0
0.529,	0,0,0,	0.988884,1718.94,0
0.53,	0,0,0,	0.988863,1722.18,0
0.531,	0,0,0,	0.988842,1725.42,0
0.532,	0,0,0,	0.988821,1728.67,0
0.533,	0,0,0,	0.9888,1731.91,0
0.534,	0,0,0,	0.988779,1735.15,0
0.535,	0,0,0,	0.988758,1738.4,0
0.536,	0,0,0,	0.988737,1741.64,0
0.537,	0,0,0,	0.988716,1744.88,0
0.538,	0,0,0,	0.988695,1748.13,0
0.539,	0,0,0,	0.988674,1751.37,0
0.54,	0,0,0,	0.988653,1754.61,0
0.541,	0,0,0,	0.988632,1757.85,0
0.542,	0,0,0,	0.988611,1761.1,0
0.543,	0,0,0,	0.98859,1764.34,0
0.544,	0,0,0,	0.988569,1767.58,0
0.545,	0,0,0,	0.988548,1770.83,0
0.546,	0,0,0,	0.988527,1774.07,0
0.547,	0,0,0,	0.988506,1777.31,0
0.548,	0,0,0,	0.988485,1780.56,0
0.549,	0,0,0,	0.988464,1783.8,0
0.55,	0,0,0,	0.988443,1787.04,0
0.551,	0,0,0,	0.988422,1790.29,0
0.552,	0,0,0,	0.988402,1793.53,0
0.553,	0,0,0,	0.988381,1796.77,0
0.554,	0,0,0,	0.98836,1800.02,0
0.555,	0,0,0,	0.988339,1803.26,0
0.556,	0,0,0,	0.988318,1806.5,0
0.557,	0,0,0,	0.988297,1809.75,0
0.558,	0,0,0,	0.988276,1812.99,0
0.559,	0,0,0,	0.988255,1816.23,0
0.56,	0,0,0,	0.988234,1819.48,0
0.561,	0,0,0,	0.988213,1822.72,0
0.562,	0,0,0,	0.988192,1825.96,0
0.563,	0,0,0,	0.988171,1829.21,0
0.564,	0,0,0,	0.98815,1832.45,0
0.565,	0,0,0,	0.988129,1835.69,0
0.566,	0,0,0,	0.988108,1838.94,0
0.567,	0,0,0,	0.988087,1842.18,0
0.568,	0,0,0,	0.988066,1845.42,0
0.569,	0,0,0,	0.988045,1848.67,0
0.57,	0,0,0,	0.988024,1851.91,0
0.571,	0,0,0,	0.988003,1855.15,0
0.572,	0,0,0,	0.987982,1858.4,0
0.573,	0,0,0,	0.987961,1861.64,0
0.574,	0,0,0,	0.98794,1864.88,0
0.575,	0,0,0,	0.987919,1868.13,0
0.576,	0,0,0,	0.987898,1871.37,0
0.577,	0,0,0,	0.987877,1874.61,0
0.578,	0,0,0,	0.987856,1877.86,0
0.579,	0,0,0,	0.987835,1881.1,0
0.58,	0,0,0,	0.987814,1884.34,0
0.581,	0,0,0,	0.987793,1887.59,0
0.582,	0,0,0,	0.987772,1890.83,0
0.583,	0,0,0,	0.987751,1894.07,0
0.584,	0,0,0,	0.98773,1897.32,0
0.585,	0,0,0,	0.987709,1900.56,0
0.586,	0,0,0,	0.987688,1903.8,0
0.587,	0,0,0,	0.987667,1907.05,0
0.588,	0,0,0,	0.987646,1910.29,0
0.589,	0,0,0,	0.987625,1913.53,0
0.59,	0,0,0,	0.987604,1916.78,0
0.591,	0,0,0,	0.987583,1920.02,0
0.592,	0,0,0,	0.987562,1923.26,0
0.593,	0,0,0,	0.987541,1926.51,0
0.594,	0,0,0,	0.98752,1929.75,0
0.595,	0,0,0,	0.9875,1932.99,0
0.596,	0,0,0,	0.987479,1936.24,0
0.597,	0,0,0,	0.987458,1939.48,0
0.598,	0,0,0,	0.987437,1942.72,0
0.599,	0,0,0,	0.987416,1945.96,0
0.6,	0,0,0,	0.987395,1949.21,0
0.601,	0,0,0,	0.987374,1952.45,0
0.602,	0,0,0,	0.987353,1955.69,0
0.603,	0,0,0,	0.987332,1958.94,0
0.604,	0,0,0,	0.987311,1962.18,0
0.605,	0,0,0,	0.98729,1965.42,0
0.606,	0,0,0,	0.987269,1968.67,0
0.607,	0,0,0,	0.987248,1971.91,0
0.608,	0,0,0,	0.987227,1975.15,0
0.609,	0,0,0,	0.987206,1978.4,0
0.61,	0,0,0,	0.987185,1981.64,0
0.611,	0,0,0,	0.987164,1984.88,0
0.612,	0,0,0,	0.987143,1988.13,0
0.613,	0,0,0,	0.987122,1991.37,0
0.614,	0,0,0,	0.987101,1994.61,0
0.615,	0,0,0,	0.98708,1997.86,0
0.616,	0,0,0,	0.987059,2001.1,0
0.617,	0,0,0,	0.987038,2004.34,0
0.618,	0,0,0,	0.987017,2007.59,0
0.619,	0,0,0,	0.986996,2010.83,0
0.62,	0,0,0,	0.986975,2014.07,0
0.621,	0,0,0,	0.986954,2017.32,0
0.622,	0,0,0,	0.986933,2020.56,0
0.623,	0,0,0,	0.986912,2023.8,0
0.624,	0,0,0,	0.986891,2027.05,0
0.625,	0,0,0,	0.98687,2030.29,0
0.626,	0,0,0,	0.986849,2033.53,0
0.627,	0,0,0,	0.986828,2036.78,0
0.628,	0,0,0,	0.986807,2040.02,0
0.629,	0,0,0,	0.986786,2043.26,0
0.63,	0,0,0,	0.986765,2046.51,0
0.631,	0,0,0,	0.986744,2049.75,0
0.632,	0,0,0,	0.986723,2052.99,0
0.633,	0,0,0,	0.986702,2056.24,0
0.634,	0,0,0,	0.986681,2059.48,0
0.635,	0,0,0,	0.98666,2062.72,0
0.636,	0,0,0,	0.986639,2065.97,0
0.637,	0,0,0,	0.986618,2069.21,0
0.638,	0,0,0,	0.986598,2072.45,0
0.639,	0,0,0,	0.986577,2075.7,0
0.64,	0,0,0,	0.986556,2078.94,0
0.641,	0,0,0,	0.986535,2082.18,0
0.642,	0,0,0,	0.986514,2085.43,0
0.643,	0,0,0,	0.986493,2088.67,0
0.644,	0,0,0,	0.986472,2091.91,0
0.645,	0,0,0,	0.986451,2095.16,0
0.646,	0,0,0,	0.98643,2098.4,0
0.647,	0,0,0,	0.986409,2101.64,0
0.648,	0,0,0,	0.986388,2104.89,0
0.649,	0,0,0,	0.986367,2108.13,0
0.65,	0,0,0,	0.986346,2111.37,0
0.651,	0,0,0,	0.986325,2114.62,0
0.652,	0,0,0,	0.986304,2117.86,0
0.653,	0,0,0,	0.986283,2121.1,0
0.654,	0,0,0,	0.986262,2124.35,0
0.655,	0,0,0,	0.986241,2127.59,0
0.656,	0,0,0,	0.98622,2130.83,0
0.657,	0,0,0,	0.986199,2134.07,0
0.658,	0,0,0,	0.986178,2137.32,0
0.659,	0,0,0,	0.986157,2140.56,0
0.66,	0,0,0,	0.986136,2143.8,0
0.661,	0,0,0,	0.986115,2147.05,0
0.662,	0,0,0,	0.986094,2150.29,0
0.663,	0,0,0,	0.986073,2153.53,0
0.664,	0,0,0,	0.986052,2156.78,0
0.665,	0,0,0,	0.986031,2160.02,0
0.666,	0,0,0,	0.98601,2163.26,0
0.667,	0,0,0,	0.985989,2166.51,0
0.668,	0,0,0,	0.985968,2169.75,0
0.669,	0,0,0,	0.985947,2172.99,0
0.67,	0,0,0,	0.985926,2176.24,0
0.671,	0,0,0,	0.985905,2179.48,0
0.672,	0,0,0,	0.985884,2182.72,0
0.673,	0,0,0,	0.985863,2185.97,0
0.674,	0,0,0,	0.985842,2189.21,0
0.675,	0,0,0,	0.985821,2192.45,0
0.676,	0,0,0,	0.9858,2195.7,0
0.677,	0,0,0,	0.985779,2198.94,0
0.678,	0,0,0,	0.985758,2202.18,0
0.679,	0,0,0,	0.985737,2205.43,0
0.68,	0,0,0,	0.985716,2208.67,0
0.681,	0,0,0,	0.985696,2211.91,0
0.682,	0,0,0,	0.985675,2215.16,0
0.683,	0,0,0,	0.985654,2218.4,0
0.684,	0,0,0,	0.985633,2221.64,0
0.685,	0,0,0,	0.985612,2224.89,0
0.686,	0,0,0,	0.985591,2228.13,0
0.687,	0,0,0,	0.98557,2231.37,0
0.688,	0,0,0,	0.985549,2234.62,0
0.689,	0,0,0,	0.985528,2237.86,0
0.69,	0,0,0,	0.985507,2241.1,0
0.691,	0,0,0,	0.985486,2244.35,0
0.692,	0,0,0,	0.985465,2247.59,0
0.693,	0,0,0,	0.985444,2250.83,0
0.694,	0,0,0,	0.985423,2254.08,0
0.695,	0,0,0,	0.985402,2257.32,0
0.696,	0,0,0,	0.985381,2260.56,0
0.697,	0,0,0,	0.98536,2263.81,0
0.698,	0,0,0,	0.985339,2267.05,0
0.699,	0,0,0,	0.985318,2270.29,0
0.7,	0,0,0,	0.985297,2273.54,0
0.701,	0,0,0,	0.985276,2276.78,0
0.702,	0,0,0,	0.985255,2280.02,0
0.703,	0,0,0,	0.985234,2283.27,0
0.704,	0,0,0,	0.985213,2286.51,0
0.705,	0,0,0,	0.985192,2289.75,0
0.706,	0,0,0,	0.985171,2293,0
0.707,	0,0,0,	0.98515,2296.24,0
0.708,	0,0,0,	0.985129,2299.48,0
0.709,	0,0,0,	0.985108,2302.73,0
0.71,	0,0,0,	0.985087,2305.97,0
0.711,	0,0,0,	0.985066,2309.21,0
0.712,	0,0,0,	0.985045,2312.45,0
0.713,	0,0,0,	0.985024,2315.7,0
0.714,	0,0,0,	0.985003,2318.94,0
0.715,	0,0,0,	0.984982,2322.18,0
0.716,	0,0,0,	0.984961,2325.43,0
0.717,	0,0,0,	0.98494,2328.67,0
0.718,	0,0,0,	0.984919,2331.91,0
0.719,	0,0,0,	0.984898,2335.16,0
0.72,	0,0,0,	0.984877,2338.4,0
0.721,	0,0,0,	0.984856,2341.64,0
0.722,	0,0,0,	0.984835,2344.89,0
0.723,	0,0,0,	0.984814,2348.13,0
0.724,	0,0,0,	0.984793,2351.37,0
0.725,	0,0,0,	0.984773,2354.62,0
0.726,	0,0,0,	0.984752,2357.86,0
0.727,	0,0,0,	0.984731,2361.1,0
0.728,	0,0,0,	0.98471,2364.35,0
0.729,	0,0,0,	0.984689,2367.59,0
0.73,	0,0,0,	0.984668,2370.83,0
0.731,	0,0,0,	0.984647,2374.08,0
0.732,	0,0,0,	0.984626,2377.32,0
0.733,	0,0,0,	0.984605,2380.56,0
0.734,	0,0,0,	0.984584,2383.81,0
0.735,	0,0,0,	0.984563,2387.05,0
0.736,	0,0,0,	0.984542,2390.29,0
0.737,	0,0,0,	0.984521,2393.54,0
0.738,	0,0,0,	0.9845,2396.78,0
0.739,	0,0,0,	0.984479,2400.02,0
0.74,	0,0,0,	0.984458,2403.27,0
0.741,	0,0,0,	0.984437,2406.51,0
0.742,	0,0,0,	0.984416,2409.75,0
0.743,	0,0,0,	0.984395,2413,0
0.744,	0,0,0,	0.984374,2416.24,0
0.745,	0,0,0,	0.984353,2419.48,0
0.746,	0,0,0,	0.984332,2422.73,0
0.747,	0,0,0,	0.984311,2425.97,0
0.748,	0,0,0,	0.98429,2429.21,0
0.749,	0,0,0,	0.984269,2432.46,0
0.75,	0,0,0,	0.984248,2435.7,0
0.751,	0,0,0,	0.984227,2438.94,0
0.752,	0,0,0,	0.984206,2442.19,0
0.753,	0,0,0,	0.984185,2445.43,0
0.754,	0,0,0,	0.984164,2448.67,0
0.755,	0,0,0,	0.984143,2451.92,0
0.756,	0,0,0,	0.984122,2455.16,0
0.757,	0,0,0,	0.984101,2458.4,0
0.758,	0,0,0,	0.98408,2461.65,0
0.759,	0,0,0,	0.984059,2464.89,0
0.76,	0,0,0,	0.984038,2468.13,0
0.761,	0,0,0,	0.984017,2471.38,0
0.762,	0,0,0,	0.983996,2474.62,0
0.763,	0,0,0,	0.983975,2477.86,0
0.764,	0,0,0,	0.983954,2481.11,0
0.765,	0,0,0,	0.983933,2484.35,0
0.766,	0,0,0,	0.983912,2487.59,0
0.767,	0,0,0,	0.983891,2490.84,0
0.768,	0,0,0,	0.983871,2494.08,0
0.769,	0,0,0,	0.98385,2497.32,0
0.77,	0,0,0,	0.983829,2500.56,0
0.771,	0,0,0,	0.983808,2503.81,0
0.772,	0,0,0,	0.983787,2507.05,0
0.773,	0,0,0,	0.983766,2510.29,0
0.774,	0,0,0,	0.983745,2513.54,0
0.775,	0,0,0,	0.983724,2516.78,0
0.776,	0,0,0,	0.983703,2520.02,0
0.777,	0,0,0,	0.983682,2523.27,0
0.778,	0,0,0,	0.983661,2526.51,0
0.779,	0,0,0,	0.98364,2529.75,0
0.78,	0,0,0,	0.983619,2533,0
0.781,	0,0,0,	0.983598,2536.24,0
0.782,	0,0,0,	0.983577,2539.48,0
0.783,	0,0,0,	0.983556,2542.73,0
0.784,	0,0,0,	0.983535,2545.97,0
0.785,	0,0,0,	0.983514,2549.21,0
0.786,	0,0,0,	0.983493,2552.46,0
0.787,	0,0,0,	0.983472,2555.7,0
0.788,	0,0,0,	0.983451,2558.94,0
0.789,	0,0,0,	0.98343,2562.19,0
0.79,	0,0,0,	0.983409,2565.43,0
0.791,	0,0,0,	0.983388,2568.67,0
0.792,	0,0,0,	0.983367,2571.92,0
0.793,	0,0,0,	0.983346,2575.16,0
0.794,	0,0,0,	0.983325,2578.4,0
0.795,	0,0,0,	0.983304,2581.65,0
0.796,	0,0,0,	0.983283,2584.89,0
0.797,	0,0,0,	0.983262,2588.13,0
0.798,	0,0,0,	0.983241,2591.38,0
0.799,	0,0,0,	0.98322,2594.62,0
0.8,	0,0,0,	0.983199,2597.86,0
0.801,	0,0,0,	0.983178,2601.11,0
0.802,	0,0,0,	0.983157,2604.35,0
0.803,	0,0,0,	0.983136,2607.59,0
0.804,	0,0,0,	0.983115,2610.84,0
0.805,	0,0,0,	0.983094,2614.08,0
0.806,	0,0,0,	0.983073,2617.32,0
0.807,	0,0,0,	0.983052,2620.57,0
0.808,	0,0,0,	0.983031,2623.81,0
0.809,	0,0,0,	0.98301,2627.05,0
0.81,	0,0,0,	0.982989,2630.3,0
0.811,	0,0,0,	0.982969,2633.54,0
0.812,	0,0,0,	0.982948,2636.78,0
0.813,	0,0,0,	0.982927,2640.03,0
0.814,	0,0,0,	0.982906,2643.27,0
0.815,	0,0,0,	0.982885,2646.51,0
0.816,	0,0,0,	0.982864,2649.76,0
0.817,	0,0,0,	0.982843,2653,0
0.818,	0,0,0,	0.982822,2656.24,0
0.819,	0,0,0,	0.982801,2659.49,0
0.82,	0,0,0,	0.98278,2662.73,0
0.821,	0,0,0,	0.982759,2665.97,0
0.822,	0,0,0,	0.982738,2669.22,0
0.823,	0,0,0,	0.982717,2672.46,0
0.824,	0,0,0,	0.982696,2675.7,0
0.825,	0,0,0,	0.982675,2678.95,0
0.826,	0,0,0,	0.982654,2682.19,0
0.827,	0,0,0,	0.982633,2685.43,0
0.828,	0,0,0,	0.982612,2688.67,0
0.829,	0,0,0,	0.982591,2691.92,0
0.83,	0,0,0,	0.98257,2695.16,0
0.831,	0,0,0,	0.982549,2698.4,0
0.832,	0,0,0,	0.982528,2701.65,0
0.833,	0,0,0,	0.982507,2704.89,0
0.834,	0,0,0,	0.982486,2708.13,0
0.835,	0,0,0,	0.982465,2711.38,0
0.836,	0,0,0,	0.982444,2714.62,0
0.837,	0,0,0,	0.982423,2717.86,0
0.838,	0,0,0,	0.982402,2721.11,0
0.839,	0,0,0,	0.982381,2724.35,0
0.84,	0,0,0,	0.98236,2727.59,0
0.841,	0,0,0,	0.982339,2730.84,0
0.842,	0,0,0,	0.982318,2734.08,0
0.843,	0,0,0,	0.982297,2737.32,0
0.844,	0,0,0,	0.982276,2740.57,0
0.845,	0,0,0,	0.982255,2743.81,0
0.846,	0,0,0,	0.982234,2747.05,0
0.847,	0,0,0,	0.982213,2750.3,0
0.848,	0,0,0,	0.982192,2753.54,0
0.849,	0,0,0,	0.982171,2756.78,0
0.85,	0,0,0,	0.98215,2760.03,0
0.851,	0,0,0,	0.982129,2763.27,0
0.852,	0,0,0,	0.982108,2766.51,0
0.853,	0,0,0,	0.982087,2769.76,0
0.854,	0,0,0,	0.982067,2773,0
0.855,	0,0,0,	0.982046,2776.24,0
0.856,	0,0,0,	0.982025,2779.49,0
0.857,	0,0,0,	0.982004,2782.73,0
0.858,	0,0,0,	0.981983,2785.97,0
0.859,	0,0,0,	0.981962,2789.22,0
0.86,	0,0,0,	0.981941,2792.46,0
0.861,	0,0,0,	0.98192,2795.7,0
0.862,	0,0,0,	0.981899,2798.95,0
0.863,	0,0,0,	0.981878,2802.19,0
0.864,	0,0,0,	0.981857,2805.43,0
0.865,	0,0,0,	0.981836,2808.68,0
0.866,	0,0,0,	0.981815,2811.92,0
0.867,	0,0,0,	0.981794,2815.16,0
0.868,	0,0,0,	0.981773,2818.41,0
0.869,	0,0,0,	0.981752,2821.65,0
0.87,	0,0,0,	0.981731,2824.89,0
0.871,	0,0,0,	0.98171,2828.14,0
0.872,	0,0,0,	0.981689,2831.38,0
0.873,	0,0,0,	0.981668,2834.62,0
0.874,	0,0,0,	0.981647,2837.87,0
0.875,	0,0,0,	0.981626,2841.11,0
0.876,	0,0,0,	0.981605,2844.35,0
0.877,	0,0,0,	0.981584,2847.6,0
0.878,	0,0,0,	0.981563,2850.84,0
0.879,	0,0,0,	0.981542,2854.08,0
0.88,	0,0,0,	0.981521,2857.33,0
0.881,	0,0,0,	0.9815,2860.57,0
0.882,	0,0,0,	0.981479,2863.81,0
0.883,	0,0,0,	0.981458,2867.05,0
0.884,	0,0,0,	0.981437,2870.3,0
0.885,	0,0,0,	0.981416,2873.54,0
0.886,	0,0,0,	0.981395,2876.78,0
0.887,	0,0,0,	0.981374,2880.03,0
0.888,	0,0,0,	0.981353,2883.27,0
0.889,	0,0,0,	0.981332,2886.51,0
0.89,	0,0,0,	0.981311,2889.76,0
0.891,	0,0,0,	0.98129,2893,0
0.892,	0,0,0,	0.981269,2896.24,0
0.893,	0,0,0,	0.981248,2899.49,0
0.894,	0,0,0,	0.981227,2902.73,0
0.895,	0,0,0,	0.981206,2905.97,0
0.896,	0,0,0,	0.981185,2909.22,0
0.897,	0,0,0,	0.981164,2912.46,0
0.898,	0,0,0,	0.981144,2915.7,0
0.899,	0,0,0,	0.981123,2918.95,0
0.9,	0,0,0,	0.981102,2922.19,0
0.901,	0,0,0,	0.981081,2925.43,0
0.902,	0,0,0,	0.98106,2928.68,0
0.903,	0,0,0,	0.981039,2931.92,0
0.904,	0,0,0,	0.981018,2935.16,0
0.905,	0,0,0,	0.980997,2938.41,0
0.906,	0,0,0,	0.980976,2941.65,0
0.907,	0,0,0,	0.980955,2944.89,0
0.908,	0,0,0,	0.980934,2948.14,0
0.909,	0,0,0,	0.980913,2951.38,0
0.91,	0,0,0,	0.980892,2954.62,0
0.911,	0,0,0,	0.980871,2957.87,0
0.912,	0,0,0,	0.98085,2961.11,0
0.913,	0,0,0,	0.980829,2964.35,0
0.914,	0,0,0,	0.980808,2967.6,0
0.915,	0,0,0,	0.980787,2970.84,0
0.916,	0,0,0,	0.980766,2974.08,0
0.917,	0,0,0,	0.980745,2977.33,0
0.918,	0,0,0,	0.980724,2980.57,0
0.919,	0,0,0,	0.980703,2983.81,0
0.92,	0,0,0,	0.980682,2987.06,0
0.921,	0,0,0,	0.980661,2990.3,0
0.922,	0,0,0,	0.98064,2993.54,0
0.923,	0,0,0,	0.980619,2996.79,0
0.924,	0,0,0,	0.980598,3000.03,0
0.925,	0,0,0,	0.980577,3003.27,0
0.926,	0,0,0,	0.980556,3006.52,0
0.927,	0,0,0,	0.980535,3009.76,0
0.928,	0,0,0,	0.980514,3013,0
0.929,	0,0,0,	0.980493,3016.25,0
0.93,	0,0,0,	0.980472,3019.49,0
0.931,	0,0,0,	0.980451,3022.73,0
0.932,	0,0,0,	0.98043,3025.98,0
0.933,	0,0,0,	0.980409,3029.22,0
0.934,	0,0,0,	0.980388,3032.46,0
0.935,	0,0,0,	0.980367,3035.71,0
0.936,	0,0,0,	0.980346,3038.95,0
0.937,	0,0,0,	0.980325,3042.19,0
0.938,	0,0,0,	0.980304,3045.44,0
0.939,	0,0,0,	0.980283,3048.68,0
0.94,	0,0,0,	0.980262,3051.92,0
0.941,	0,0,0,	0.980242,3055.16,0
0.942,	0,0,0,	0.980221,3058.41,0
0.943,	0,0,0,	0.9802,3061.65,0
0.944,	0,0,0,	0.980179,3064.89,0
0.945,	0,0,0,	0.980158,3068.14,0
0.946,	0,0,0,	0.980137,3071.38,0
0.947,	0,0,0,	0.980116,3074.62,0
0.948,	0,0,0,	0.980095,3077.87,0
0.949,	0,0,0,	0.980074,3081.11,0
0.95,	0,0,0,	0.980053,3084.35,0
0.951,	0,0,0,	0.980032,3087.6,0
0.952,	0,0,0,	0.980011,3090.84,0
0.953,	0,0,0,	0.97999,3094.08,0
0.954,	0,0,0,	0.979969,3097.33,0
0.955,	0,0,0,	0.979948,3100.57,0
0.956,	0,0,0,	0.979927,3103.81,0
0.957,	0,0,0,	0.979906,3107.06,0
0.958,	0,0,0,	0.979885,3110.3,0
0.959,	0,0,0,	0.979864,3113.54,0
0.96,	0,0,0,	0.979843,3116.79,0
0.961,	0,0,0,	0.979822,3120.03,0
0.962,	0,0,0,	0.979801,3123.27,0
0.963,	0,0,0,	0.97978,3126.52,0
0.964,	0,0,0,	0.979759,3129.76,0
0.965,	0,0,0,	0.979738,3133,0
0.966,	0,0,0,	0.979717,3136.25,0
0.967,	0,0,0,	0.979696,3139.49,0
0.968,	0,0,0,	0.979675,3142.73,0
0.969,	0,0,0,	0.979654,3145.98,0
0.97,	0,0,0,	0.979633,3149.22,0
0.971,	0,0,0,	0.979612,3152.46,0
0.972,	0,0,0,	0.979591,3155.71,0
0.973,	0,0,0,	0.97957,3158.95,0
0.974,	0,0,0,	0.979549,3162.19,0
0.975,	0,0,0,	0.979528,3165.44,0
0.976,	0,0,0,	0.979507,3168.68,0
0.977,	0,0,0,	0.979486,3171.92,0
0.978,	0,0,0,	0.979465,3175.17,0
0.979,	0,0,0,	0.979444,3178.41,0
0.98,	0,0,0,	0.979423,3181.65,0
0.981,	0,0,0,	0.979402,3184.9,0
0.982,	0,0,0,	0.979381,3188.14,0
0.983,	0,0,0,	0.97936,3191.38,0
0.984,	0,0,0,	0.97934,3194.63,0
0.985,	0,0,0,	0.979319,3197.87,0
0.986,	0,0,0,	0.979298,3201.11,0
0.987,	0,0,0,	0.979277,3204.36,0
0.988,	0,0,0,	0.979256,3207.6,0
0.989,	0,0,0,	0.979235,3210.84,0
0.99,	0,0,0,	0.979214,3214.09,0
0.991,	0,0,0,	0.979193,3217.33,0
0.992,	0,0,0,	0.979172,3220.57,0
0.993,	0,0,0,	0.979151,3223.82,0
0.994,	0,0,0,	0.97913,3227.06,0
0.995,	0,0,0,	0.979109,3230.3,0
0.996,	0,0,0,	0.979088,3233.55,0
0.997,	0,0,0,	0.979067,3236.79,0
0.998,	0,0,0,	0.979046,3240.03,0
0.999,	0,0,0,	0.979025,3243.27,0
