Simulation of solar system over 2 years, with 2000 iterations, using verlet´s method.
Time 	sun	 	earth	 	
0,	0,0,0,	0.99998,0.0088857,0
0.001,	0,0,0,	0.999921,0.017771,0
0.002,	0,0,0,	0.999822,0.0266557,0
0.003,	0,0,0,	0.999684,0.0355393,0
0.004,	0,0,0,	0.999507,0.0444215,0
0.005,	0,0,0,	0.99929,0.0533019,0
0.006,	0,0,0,	0.999033,0.0621803,0
0.007,	0,0,0,	0.998738,0.0710562,0
0.008,	0,0,0,	0.998403,0.0799293,0
0.009,	0,0,0,	0.998029,0.0887992,0
0.01,	0,0,0,	0.997615,0.0976657,0
0.011,	0,0,0,	0.997163,0.106528,0
0.012,	0,0,0,	0.996671,0.115387,0
0.013,	0,0,0,	0.996141,0.124241,0
0.014,	0,0,0,	0.995572,0.13309,0
0.015,	0,0,0,	0.994964,0.141934,0
0.016,	0,0,0,	0.994317,0.150772,0
0.017,	0,0,0,	0.993631,0.159605,0
0.018,	0,0,0,	0.992908,0.168431,0
0.019,	0,0,0,	0.992145,0.177251,0
0.02,	0,0,0,	0.991345,0.186064,0
0.021,	0,0,0,	0.990506,0.19487,0
0.022,	0,0,0,	0.98963,0.203668,0
0.023,	0,0,0,	0.988715,0.212459,0
0.024,	0,0,0,	0.987763,0.221241,0
0.025,	0,0,0,	0.986773,0.230016,0
0.026,	0,0,0,	0.985746,0.238781,0
0.027,	0,0,0,	0.984681,0.247537,0
0.028,	0,0,0,	0.983579,0.256284,0
0.029,	0,0,0,	0.982441,0.265022,0
0.03,	0,0,0,	0.981265,0.273749,0
0.031,	0,0,0,	0.980053,0.282466,0
0.032,	0,0,0,	0.978804,0.291173,0
0.033,	0,0,0,	0.977519,0.299869,0
0.034,	0,0,0,	0.976198,0.308553,0
0.035,	0,0,0,	0.974841,0.317227,0
0.036,	0,0,0,	0.973449,0.325889,0
0.037,	0,0,0,	0.972021,0.334539,0
0.038,	0,0,0,	0.970557,0.343176,0
0.039,	0,0,0,	0.969058,0.351802,0
0.04,	0,0,0,	0.967525,0.360415,0
0.041,	0,0,0,	0.965957,0.369014,0
0.042,	0,0,0,	0.964354,0.377601,0
0.043,	0,0,0,	0.962717,0.386174,0
0.044,	0,0,0,	0.961046,0.394734,0
0.045,	0,0,0,	0.959341,0.403279,0
0.046,	0,0,0,	0.957602,0.411811,0
0.047,	0,0,0,	0.95583,0.420328,0
0.048,	0,0,0,	0.954025,0.42883,0
0.049,	0,0,0,	0.952188,0.437318,0
0.05,	0,0,0,	0.950317,0.445791,0
0.051,	0,0,0,	0.948414,0.454248,0
0.052,	0,0,0,	0.946479,0.46269,0
0.053,	0,0,0,	0.944511,0.471117,0
0.054,	0,0,0,	0.942512,0.479528,0
0.055,	0,0,0,	0.940482,0.487922,0
0.056,	0,0,0,	0.93842,0.496301,0
0.057,	0,0,0,	0.936328,0.504663,0
0.058,	0,0,0,	0.934205,0.513008,0
0.059,	0,0,0,	0.932051,0.521337,0
0.06,	0,0,0,	0.929867,0.529649,0
0.061,	0,0,0,	0.927653,0.537944,0
0.062,	0,0,0,	0.925409,0.546222,0
0.063,	0,0,0,	0.923136,0.554482,0
0.064,	0,0,0,	0.920834,0.562724,0
0.065,	0,0,0,	0.918503,0.57095,0
0.066,	0,0,0,	0.916143,0.579157,0
0.067,	0,0,0,	0.913755,0.587346,0
0.068,	0,0,0,	0.911339,0.595517,0
0.069,	0,0,0,	0.908894,0.60367,0
0.07,	0,0,0,	0.906422,0.611805,0
0.071,	0,0,0,	0.903923,0.619921,0
0.072,	0,0,0,	0.901397,0.628018,0
0.073,	0,0,0,	0.898844,0.636097,0
0.074,	0,0,0,	0.896264,0.644157,0
0.075,	0,0,0,	0.893658,0.652198,0
0.076,	0,0,0,	0.891026,0.660221,0
0.077,	0,0,0,	0.888368,0.668224,0
0.078,	0,0,0,	0.885684,0.676207,0
0.079,	0,0,0,	0.882975,0.684172,0
0.08,	0,0,0,	0.880242,0.692117,0
0.081,	0,0,0,	0.877483,0.700043,0
0.082,	0,0,0,	0.8747,0.707949,0
0.083,	0,0,0,	0.871893,0.715835,0
0.084,	0,0,0,	0.869062,0.723702,0
0.085,	0,0,0,	0.866207,0.731549,0
0.086,	0,0,0,	0.863329,0.739376,0
0.087,	0,0,0,	0.860427,0.747184,0
0.088,	0,0,0,	0.857502,0.754971,0
0.089,	0,0,0,	0.854555,0.762739,0
0.09,	0,0,0,	0.851586,0.770486,0
0.091,	0,0,0,	0.848594,0.778214,0
0.092,	0,0,0,	0.84558,0.785921,0
0.093,	0,0,0,	0.842544,0.793608,0
0.094,	0,0,0,	0.839487,0.801275,0
0.095,	0,0,0,	0.836409,0.808921,0
0.096,	0,0,0,	0.83331,0.816548,0
0.097,	0,0,0,	0.83019,0.824154,0
0.098,	0,0,0,	0.82705,0.831739,0
0.099,	0,0,0,	0.823889,0.839305,0
0.1,	0,0,0,	0.820709,0.84685,0
0.101,	0,0,0,	0.817508,0.854374,0
0.102,	0,0,0,	0.814289,0.861879,0
0.103,	0,0,0,	0.811049,0.869362,0
0.104,	0,0,0,	0.807791,0.876826,0
0.105,	0,0,0,	0.804514,0.884269,0
0.106,	0,0,0,	0.801219,0.891691,0
0.107,	0,0,0,	0.797905,0.899093,0
0.108,	0,0,0,	0.794573,0.906475,0
0.109,	0,0,0,	0.791223,0.913836,0
0.11,	0,0,0,	0.787855,0.921177,0
0.111,	0,0,0,	0.78447,0.928497,0
0.112,	0,0,0,	0.781068,0.935797,0
0.113,	0,0,0,	0.777648,0.943077,0
0.114,	0,0,0,	0.774212,0.950336,0
0.115,	0,0,0,	0.770759,0.957575,0
0.116,	0,0,0,	0.76729,0.964793,0
0.117,	0,0,0,	0.763805,0.971991,0
0.118,	0,0,0,	0.760303,0.979169,0
0.119,	0,0,0,	0.756786,0.986327,0
0.12,	0,0,0,	0.753254,0.993464,0
0.121,	0,0,0,	0.749706,1.00058,0
0.122,	0,0,0,	0.746142,1.00768,0
0.123,	0,0,0,	0.742564,1.01475,0
0.124,	0,0,0,	0.738972,1.02181,0
0.125,	0,0,0,	0.735364,1.02885,0
0.126,	0,0,0,	0.731743,1.03586,0
0.127,	0,0,0,	0.728107,1.04286,0
0.128,	0,0,0,	0.724457,1.04984,0
0.129,	0,0,0,	0.720793,1.05679,0
0.13,	0,0,0,	0.717116,1.06373,0
0.131,	0,0,0,	0.713425,1.07065,0
0.132,	0,0,0,	0.709722,1.07754,0
0.133,	0,0,0,	0.706005,1.08442,0
0.134,	0,0,0,	0.702275,1.09128,0
0.135,	0,0,0,	0.698532,1.09811,0
0.136,	0,0,0,	0.694778,1.10493,0
0.137,	0,0,0,	0.69101,1.11173,0
0.138,	0,0,0,	0.687231,1.11851,0
0.139,	0,0,0,	0.683439,1.12527,0
0.14,	0,0,0,	0.679636,1.13201,0
0.141,	0,0,0,	0.675821,1.13873,0
0.142,	0,0,0,	0.671995,1.14543,0
0.143,	0,0,0,	0.668157,1.15211,0
0.144,	0,0,0,	0.664308,1.15877,0
0.145,	0,0,0,	0.660448,1.16541,0
0.146,	0,0,0,	0.656577,1.17204,0
0.147,	0,0,0,	0.652696,1.17864,0
0.148,	0,0,0,	0.648804,1.18523,0
0.149,	0,0,0,	0.644902,1.19179,0
0.15,	0,0,0,	0.640989,1.19834,0
0.151,	0,0,0,	0.637066,1.20487,0
0.152,	0,0,0,	0.633134,1.21138,0
0.153,	0,0,0,	0.629191,1.21787,0
0.154,	0,0,0,	0.625239,1.22434,0
0.155,	0,0,0,	0.621278,1.2308,0
0.156,	0,0,0,	0.617307,1.23723,0
0.157,	0,0,0,	0.613327,1.24365,0
0.158,	0,0,0,	0.609338,1.25005,0
0.159,	0,0,0,	0.605339,1.25643,0
0.16,	0,0,0,	0.601332,1.26279,0
0.161,	0,0,0,	0.597317,1.26914,0
0.162,	0,0,0,	0.593293,1.27546,0
0.163,	0,0,0,	0.58926,1.28177,0
0.164,	0,0,0,	0.585219,1.28806,0
0.165,	0,0,0,	0.58117,1.29433,0
0.166,	0,0,0,	0.577113,1.30059,0
0.167,	0,0,0,	0.573048,1.30682,0
0.168,	0,0,0,	0.568975,1.31304,0
0.169,	0,0,0,	0.564895,1.31924,0
0.17,	0,0,0,	0.560807,1.32542,0
0.171,	0,0,0,	0.556711,1.33159,0
0.172,	0,0,0,	0.552609,1.33774,0
0.173,	0,0,0,	0.548499,1.34387,0
0.174,	0,0,0,	0.544382,1.34998,0
0.175,	0,0,0,	0.540258,1.35607,0
0.176,	0,0,0,	0.536127,1.36215,0
0.177,	0,0,0,	0.531989,1.36821,0
0.178,	0,0,0,	0.527845,1.37426,0
0.179,	0,0,0,	0.523695,1.38029,0
0.18,	0,0,0,	0.519537,1.3863,0
0.181,	0,0,0,	0.515374,1.39229,0
0.182,	0,0,0,	0.511204,1.39827,0
0.183,	0,0,0,	0.507028,1.40423,0
0.184,	0,0,0,	0.502847,1.41017,0
0.185,	0,0,0,	0.498659,1.4161,0
0.186,	0,0,0,	0.494465,1.42201,0
0.187,	0,0,0,	0.490266,1.4279,0
0.188,	0,0,0,	0.486061,1.43378,0
0.189,	0,0,0,	0.481851,1.43964,0
0.19,	0,0,0,	0.477635,1.44549,0
0.191,	0,0,0,	0.473414,1.45131,0
0.192,	0,0,0,	0.469187,1.45713,0
0.193,	0,0,0,	0.464955,1.46292,0
0.194,	0,0,0,	0.460719,1.4687,0
0.195,	0,0,0,	0.456477,1.47447,0
0.196,	0,0,0,	0.45223,1.48022,0
0.197,	0,0,0,	0.447979,1.48595,0
0.198,	0,0,0,	0.443723,1.49167,0
0.199,	0,0,0,	0.439462,1.49737,0
0.2,	0,0,0,	0.435197,1.50306,0
0.201,	0,0,0,	0.430927,1.50873,0
0.202,	0,0,0,	0.426653,1.51438,0
0.203,	0,0,0,	0.422374,1.52002,0
0.204,	0,0,0,	0.418091,1.52565,0
0.205,	0,0,0,	0.413804,1.53126,0
0.206,	0,0,0,	0.409513,1.53685,0
0.207,	0,0,0,	0.405218,1.54243,0
0.208,	0,0,0,	0.400919,1.54799,0
0.209,	0,0,0,	0.396616,1.55354,0
0.21,	0,0,0,	0.392309,1.55908,0
0.211,	0,0,0,	0.387999,1.5646,0
0.212,	0,0,0,	0.383685,1.5701,0
0.213,	0,0,0,	0.379367,1.57559,0
0.214,	0,0,0,	0.375046,1.58107,0
0.215,	0,0,0,	0.370721,1.58653,0
0.216,	0,0,0,	0.366393,1.59198,0
0.217,	0,0,0,	0.362062,1.59741,0
0.218,	0,0,0,	0.357727,1.60282,0
0.219,	0,0,0,	0.353389,1.60823,0
0.22,	0,0,0,	0.349049,1.61362,0
0.221,	0,0,0,	0.344705,1.61899,0
0.222,	0,0,0,	0.340358,1.62435,0
0.223,	0,0,0,	0.336008,1.6297,0
0.224,	0,0,0,	0.331655,1.63503,0
0.225,	0,0,0,	0.327299,1.64035,0
0.226,	0,0,0,	0.322941,1.64566,0
0.227,	0,0,0,	0.31858,1.65095,0
0.228,	0,0,0,	0.314216,1.65623,0
0.229,	0,0,0,	0.30985,1.66149,0
0.23,	0,0,0,	0.305481,1.66674,0
0.231,	0,0,0,	0.30111,1.67198,0
0.232,	0,0,0,	0.296736,1.6772,0
0.233,	0,0,0,	0.29236,1.68241,0
0.234,	0,0,0,	0.287981,1.68761,0
0.235,	0,0,0,	0.2836,1.69279,0
0.236,	0,0,0,	0.279218,1.69796,0
0.237,	0,0,0,	0.274832,1.70312,0
0.238,	0,0,0,	0.270445,1.70826,0
0.239,	0,0,0,	0.266056,1.7134,0
0.24,	0,0,0,	0.261665,1.71851,0
0.241,	0,0,0,	0.257271,1.72362,0
0.242,	0,0,0,	0.252876,1.72871,0
0.243,	0,0,0,	0.248479,1.73379,0
0.244,	0,0,0,	0.24408,1.73886,0
0.245,	0,0,0,	0.23968,1.74391,0
0.246,	0,0,0,	0.235277,1.74895,0
0.247,	0,0,0,	0.230873,1.75398,0
0.248,	0,0,0,	0.226468,1.759,0
0.249,	0,0,0,	0.22206,1.764,0
0.25,	0,0,0,	0.217651,1.76899,0
0.251,	0,0,0,	0.213241,1.77397,0
0.252,	0,0,0,	0.208829,1.77894,0
0.253,	0,0,0,	0.204416,1.78389,0
0.254,	0,0,0,	0.200001,1.78884,0
0.255,	0,0,0,	0.195585,1.79377,0
0.256,	0,0,0,	0.191168,1.79869,0
0.257,	0,0,0,	0.186749,1.80359,0
0.258,	0,0,0,	0.182329,1.80849,0
0.259,	0,0,0,	0.177908,1.81337,0
0.26,	0,0,0,	0.173486,1.81824,0
0.261,	0,0,0,	0.169062,1.8231,0
0.262,	0,0,0,	0.164638,1.82795,0
0.263,	0,0,0,	0.160212,1.83278,0
0.264,	0,0,0,	0.155786,1.83761,0
0.265,	0,0,0,	0.151358,1.84242,0
0.266,	0,0,0,	0.14693,1.84722,0
0.267,	0,0,0,	0.142501,1.85201,0
0.268,	0,0,0,	0.13807,1.85679,0
0.269,	0,0,0,	0.133639,1.86155,0
0.27,	0,0,0,	0.129207,1.86631,0
0.271,	0,0,0,	0.124775,1.87105,0
0.272,	0,0,0,	0.120341,1.87579,0
0.273,	0,0,0,	0.115907,1.88051,0
0.274,	0,0,0,	0.111472,1.88522,0
0.275,	0,0,0,	0.107037,1.88992,0
0.276,	0,0,0,	0.102601,1.89461,0
0.277,	0,0,0,	0.0981641,1.89928,0
0.278,	0,0,0,	0.0937269,1.90395,0
0.279,	0,0,0,	0.0892891,1.90861,0
0.28,	0,0,0,	0.0848508,1.91325,0
0.281,	0,0,0,	0.080412,1.91789,0
0.282,	0,0,0,	0.0759728,1.92251,0
0.283,	0,0,0,	0.0715332,1.92712,0
0.284,	0,0,0,	0.0670931,1.93172,0
0.285,	0,0,0,	0.0626527,1.93632,0
0.286,	0,0,0,	0.058212,1.9409,0
0.287,	0,0,0,	0.0537709,1.94547,0
0.288,	0,0,0,	0.0493296,1.95003,0
0.289,	0,0,0,	0.044888,1.95458,0
0.29,	0,0,0,	0.0404462,1.95912,0
0.291,	0,0,0,	0.0360041,1.96365,0
0.292,	0,0,0,	0.0315619,1.96817,0
0.293,	0,0,0,	0.0271195,1.97268,0
0.294,	0,0,0,	0.0226769,1.97717,0
0.295,	0,0,0,	0.0182343,1.98166,0
0.296,	0,0,0,	0.0137915,1.98614,0
0.297,	0,0,0,	0.0093487,1.99061,0
0.298,	0,0,0,	0.00490583,1.99507,0
0.299,	0,0,0,	0.000462938,1.99952,0
0.3,	0,0,0,	-0.00397996,2.00396,0
0.301,	0,0,0,	-0.00842283,2.00839,0
0.302,	0,0,0,	-0.0128657,2.01281,0
0.303,	0,0,0,	-0.0173084,2.01721,0
0.304,	0,0,0,	-0.0217511,2.02161,0
0.305,	0,0,0,	-0.0261937,2.026,0
0.306,	0,0,0,	-0.0306362,2.03039,0
0.307,	0,0,0,	-0.0350785,2.03476,0
0.308,	0,0,0,	-0.0395206,2.03912,0
0.309,	0,0,0,	-0.0439626,2.04347,0
0.31,	0,0,0,	-0.0484044,2.04781,0
0.311,	0,0,0,	-0.0528459,2.05215,0
0.312,	0,0,0,	-0.0572872,2.05647,0
0.313,	0,0,0,	-0.0617282,2.06078,0
0.314,	0,0,0,	-0.066169,2.06509,0
0.315,	0,0,0,	-0.0706095,2.06938,0
0.316,	0,0,0,	-0.0750496,2.07367,0
0.317,	0,0,0,	-0.0794894,2.07795,0
0.318,	0,0,0,	-0.0839289,2.08222,0
0.319,	0,0,0,	-0.088368,2.08648,0
0.32,	0,0,0,	-0.0928067,2.09073,0
0.321,	0,0,0,	-0.0972451,2.09497,0
0.322,	0,0,0,	-0.101683,2.0992,0
0.323,	0,0,0,	-0.10612,2.10342,0
0.324,	0,0,0,	-0.110557,2.10764,0
0.325,	0,0,0,	-0.114994,2.11184,0
0.326,	0,0,0,	-0.11943,2.11604,0
0.327,	0,0,0,	-0.123866,2.12023,0
0.328,	0,0,0,	-0.128301,2.12441,0
0.329,	0,0,0,	-0.132735,2.12858,0
0.33,	0,0,0,	-0.137169,2.13274,0
0.331,	0,0,0,	-0.141603,2.13689,0
0.332,	0,0,0,	-0.146036,2.14104,0
0.333,	0,0,0,	-0.150468,2.14518,0
0.334,	0,0,0,	-0.1549,2.1493,0
0.335,	0,0,0,	-0.159331,2.15342,0
0.336,	0,0,0,	-0.163761,2.15753,0
0.337,	0,0,0,	-0.168191,2.16164,0
0.338,	0,0,0,	-0.17262,2.16573,0
0.339,	0,0,0,	-0.177049,2.16982,0
0.34,	0,0,0,	-0.181477,2.17389,0
0.341,	0,0,0,	-0.185904,2.17796,0
0.342,	0,0,0,	-0.19033,2.18202,0
0.343,	0,0,0,	-0.194756,2.18608,0
0.344,	0,0,0,	-0.199181,2.19012,0
0.345,	0,0,0,	-0.203605,2.19416,0
0.346,	0,0,0,	-0.208029,2.19818,0
0.347,	0,0,0,	-0.212451,2.2022,0
0.348,	0,0,0,	-0.216873,2.20622,0
0.349,	0,0,0,	-0.221295,2.21022,0
0.35,	0,0,0,	-0.225715,2.21422,0
0.351,	0,0,0,	-0.230135,2.21821,0
0.352,	0,0,0,	-0.234553,2.22219,0
0.353,	0,0,0,	-0.238971,2.22616,0
0.354,	0,0,0,	-0.243388,2.23012,0
0.355,	0,0,0,	-0.247805,2.23408,0
0.356,	0,0,0,	-0.25222,2.23803,0
0.357,	0,0,0,	-0.256635,2.24197,0
0.358,	0,0,0,	-0.261048,2.2459,0
0.359,	0,0,0,	-0.265461,2.24983,0
0.36,	0,0,0,	-0.269873,2.25375,0
0.361,	0,0,0,	-0.274284,2.25766,0
0.362,	0,0,0,	-0.278694,2.26156,0
0.363,	0,0,0,	-0.283103,2.26546,0
0.364,	0,0,0,	-0.287511,2.26935,0
0.365,	0,0,0,	-0.291918,2.27323,0
0.366,	0,0,0,	-0.296324,2.2771,0
0.367,	0,0,0,	-0.30073,2.28097,0
0.368,	0,0,0,	-0.305134,2.28482,0
0.369,	0,0,0,	-0.309537,2.28868,0
0.37,	0,0,0,	-0.313939,2.29252,0
0.371,	0,0,0,	-0.318341,2.29636,0
0.372,	0,0,0,	-0.322741,2.30019,0
0.373,	0,0,0,	-0.32714,2.30401,0
0.374,	0,0,0,	-0.331539,2.30782,0
0.375,	0,0,0,	-0.335936,2.31163,0
0.376,	0,0,0,	-0.340332,2.31543,0
0.377,	0,0,0,	-0.344727,2.31922,0
0.378,	0,0,0,	-0.349121,2.32301,0
0.379,	0,0,0,	-0.353514,2.32679,0
0.38,	0,0,0,	-0.357906,2.33056,0
0.381,	0,0,0,	-0.362297,2.33432,0
0.382,	0,0,0,	-0.366687,2.33808,0
0.383,	0,0,0,	-0.371076,2.34183,0
0.384,	0,0,0,	-0.375463,2.34558,0
0.385,	0,0,0,	-0.37985,2.34931,0
0.386,	0,0,0,	-0.384235,2.35304,0
0.387,	0,0,0,	-0.388619,2.35677,0
0.388,	0,0,0,	-0.393002,2.36048,0
0.389,	0,0,0,	-0.397384,2.36419,0
0.39,	0,0,0,	-0.401765,2.3679,0
0.391,	0,0,0,	-0.406145,2.37159,0
0.392,	0,0,0,	-0.410524,2.37528,0
0.393,	0,0,0,	-0.414901,2.37897,0
0.394,	0,0,0,	-0.419277,2.38264,0
0.395,	0,0,0,	-0.423652,2.38631,0
0.396,	0,0,0,	-0.428026,2.38997,0
0.397,	0,0,0,	-0.432399,2.39363,0
0.398,	0,0,0,	-0.43677,2.39728,0
0.399,	0,0,0,	-0.441141,2.40092,0
0.4,	0,0,0,	-0.44551,2.40456,0
0.401,	0,0,0,	-0.449878,2.40819,0
0.402,	0,0,0,	-0.454245,2.41181,0
0.403,	0,0,0,	-0.45861,2.41543,0
0.404,	0,0,0,	-0.462974,2.41904,0
0.405,	0,0,0,	-0.467338,2.42265,0
0.406,	0,0,0,	-0.471699,2.42625,0
0.407,	0,0,0,	-0.47606,2.42984,0
0.408,	0,0,0,	-0.480419,2.43342,0
0.409,	0,0,0,	-0.484778,2.437,0
0.41,	0,0,0,	-0.489134,2.44057,0
0.411,	0,0,0,	-0.49349,2.44414,0
0.412,	0,0,0,	-0.497844,2.4477,0
0.413,	0,0,0,	-0.502198,2.45126,0
0.414,	0,0,0,	-0.506549,2.4548,0
0.415,	0,0,0,	-0.5109,2.45835,0
0.416,	0,0,0,	-0.515249,2.46188,0
0.417,	0,0,0,	-0.519597,2.46541,0
0.418,	0,0,0,	-0.523944,2.46893,0
0.419,	0,0,0,	-0.52829,2.47245,0
0.42,	0,0,0,	-0.532634,2.47596,0
0.421,	0,0,0,	-0.536977,2.47947,0
0.422,	0,0,0,	-0.541318,2.48297,0
0.423,	0,0,0,	-0.545658,2.48646,0
0.424,	0,0,0,	-0.549997,2.48995,0
0.425,	0,0,0,	-0.554335,2.49343,0
0.426,	0,0,0,	-0.558671,2.49691,0
0.427,	0,0,0,	-0.563006,2.50038,0
0.428,	0,0,0,	-0.56734,2.50384,0
0.429,	0,0,0,	-0.571673,2.5073,0
0.43,	0,0,0,	-0.576004,2.51075,0
0.431,	0,0,0,	-0.580333,2.5142,0
0.432,	0,0,0,	-0.584662,2.51764,0
0.433,	0,0,0,	-0.588989,2.52107,0
0.434,	0,0,0,	-0.593315,2.5245,0
0.435,	0,0,0,	-0.597639,2.52793,0
0.436,	0,0,0,	-0.601962,2.53134,0
0.437,	0,0,0,	-0.606284,2.53476,0
0.438,	0,0,0,	-0.610604,2.53816,0
0.439,	0,0,0,	-0.614923,2.54156,0
0.44,	0,0,0,	-0.619241,2.54496,0
0.441,	0,0,0,	-0.623557,2.54835,0
0.442,	0,0,0,	-0.627872,2.55173,0
0.443,	0,0,0,	-0.632185,2.55511,0
0.444,	0,0,0,	-0.636497,2.55848,0
0.445,	0,0,0,	-0.640808,2.56185,0
0.446,	0,0,0,	-0.645118,2.56521,0
0.447,	0,0,0,	-0.649426,2.56857,0
0.448,	0,0,0,	-0.653732,2.57192,0
0.449,	0,0,0,	-0.658038,2.57527,0
0.45,	0,0,0,	-0.662342,2.57861,0
0.451,	0,0,0,	-0.666644,2.58194,0
0.452,	0,0,0,	-0.670945,2.58527,0
0.453,	0,0,0,	-0.675245,2.58859,0
0.454,	0,0,0,	-0.679543,2.59191,0
0.455,	0,0,0,	-0.68384,2.59523,0
0.456,	0,0,0,	-0.688136,2.59853,0
0.457,	0,0,0,	-0.69243,2.60184,0
0.458,	0,0,0,	-0.696723,2.60513,0
0.459,	0,0,0,	-0.701014,2.60843,0
0.46,	0,0,0,	-0.705304,2.61171,0
0.461,	0,0,0,	-0.709592,2.615,0
0.462,	0,0,0,	-0.71388,2.61827,0
0.463,	0,0,0,	-0.718165,2.62154,0
0.464,	0,0,0,	-0.72245,2.62481,0
0.465,	0,0,0,	-0.726732,2.62807,0
0.466,	0,0,0,	-0.731014,2.63133,0
0.467,	0,0,0,	-0.735294,2.63458,0
0.468,	0,0,0,	-0.739573,2.63782,0
0.469,	0,0,0,	-0.74385,2.64107,0
0.47,	0,0,0,	-0.748126,2.6443,0
0.471,	0,0,0,	-0.7524,2.64753,0
0.472,	0,0,0,	-0.756673,2.65076,0
0.473,	0,0,0,	-0.760945,2.65398,0
0.474,	0,0,0,	-0.765215,2.65719,0
0.475,	0,0,0,	-0.769483,2.66041,0
0.476,	0,0,0,	-0.773751,2.66361,0
0.477,	0,0,0,	-0.778016,2.66681,0
0.478,	0,0,0,	-0.782281,2.67001,0
0.479,	0,0,0,	-0.786544,2.6732,0
0.48,	0,0,0,	-0.790805,2.67639,0
0.481,	0,0,0,	-0.795065,2.67957,0
0.482,	0,0,0,	-0.799324,2.68274,0
0.483,	0,0,0,	-0.803581,2.68592,0
0.484,	0,0,0,	-0.807837,2.68908,0
0.485,	0,0,0,	-0.812091,2.69224,0
0.486,	0,0,0,	-0.816344,2.6954,0
0.487,	0,0,0,	-0.820595,2.69855,0
0.488,	0,0,0,	-0.824845,2.7017,0
0.489,	0,0,0,	-0.829094,2.70485,0
0.49,	0,0,0,	-0.833341,2.70798,0
0.491,	0,0,0,	-0.837587,2.71112,0
0.492,	0,0,0,	-0.841831,2.71425,0
0.493,	0,0,0,	-0.846074,2.71737,0
0.494,	0,0,0,	-0.850315,2.72049,0
0.495,	0,0,0,	-0.854555,2.72361,0
0.496,	0,0,0,	-0.858793,2.72672,0
0.497,	0,0,0,	-0.86303,2.72982,0
0.498,	0,0,0,	-0.867266,2.73292,0
0.499,	0,0,0,	-0.8715,2.73602,0
0.5,	0,0,0,	-0.875732,2.73911,0
0.501,	0,0,0,	-0.879964,2.7422,0
0.502,	0,0,0,	-0.884193,2.74528,0
0.503,	0,0,0,	-0.888421,2.74836,0
0.504,	0,0,0,	-0.892648,2.75144,0
0.505,	0,0,0,	-0.896874,2.75451,0
0.506,	0,0,0,	-0.901097,2.75757,0
0.507,	0,0,0,	-0.90532,2.76063,0
0.508,	0,0,0,	-0.909541,2.76369,0
0.509,	0,0,0,	-0.91376,2.76674,0
0.51,	0,0,0,	-0.917978,2.76979,0
0.511,	0,0,0,	-0.922195,2.77283,0
0.512,	0,0,0,	-0.92641,2.77587,0
0.513,	0,0,0,	-0.930624,2.7789,0
0.514,	0,0,0,	-0.934836,2.78193,0
0.515,	0,0,0,	-0.939047,2.78496,0
0.516,	0,0,0,	-0.943256,2.78798,0
0.517,	0,0,0,	-0.947464,2.79099,0
0.518,	0,0,0,	-0.95167,2.79401,0
0.519,	0,0,0,	-0.955875,2.79702,0
0.52,	0,0,0,	-0.960078,2.80002,0
0.521,	0,0,0,	-0.96428,2.80302,0
0.522,	0,0,0,	-0.968481,2.80601,0
0.523,	0,0,0,	-0.97268,2.80901,0
0.524,	0,0,0,	-0.976877,2.81199,0
0.525,	0,0,0,	-0.981074,2.81498,0
0.526,	0,0,0,	-0.985268,2.81795,0
0.527,	0,0,0,	-0.989461,2.82093,0
0.528,	0,0,0,	-0.993653,2.8239,0
0.529,	0,0,0,	-0.997844,2.82686,0
0.53,	0,0,0,	-1.00203,2.82983,0
0.531,	0,0,0,	-1.00622,2.83278,0
0.532,	0,0,0,	-1.01041,2.83574,0
0.533,	0,0,0,	-1.01459,2.83869,0
0.534,	0,0,0,	-1.01877,2.84163,0
0.535,	0,0,0,	-1.02295,2.84457,0
0.536,	0,0,0,	-1.02713,2.84751,0
0.537,	0,0,0,	-1.03131,2.85044,0
0.538,	0,0,0,	-1.03549,2.85337,0
0.539,	0,0,0,	-1.03967,2.8563,0
0.54,	0,0,0,	-1.04384,2.85922,0
0.541,	0,0,0,	-1.04801,2.86214,0
0.542,	0,0,0,	-1.05218,2.86505,0
0.543,	0,0,0,	-1.05635,2.86796,0
0.544,	0,0,0,	-1.06052,2.87086,0
0.545,	0,0,0,	-1.06469,2.87377,0
0.546,	0,0,0,	-1.06885,2.87666,0
0.547,	0,0,0,	-1.07302,2.87956,0
0.548,	0,0,0,	-1.07718,2.88245,0
0.549,	0,0,0,	-1.08134,2.88533,0
0.55,	0,0,0,	-1.0855,2.88821,0
0.551,	0,0,0,	-1.08966,2.89109,0
0.552,	0,0,0,	-1.09382,2.89397,0
0.553,	0,0,0,	-1.09797,2.89684,0
0.554,	0,0,0,	-1.10213,2.8997,0
0.555,	0,0,0,	-1.10628,2.90256,0
0.556,	0,0,0,	-1.11043,2.90542,0
0.557,	0,0,0,	-1.11458,2.90828,0
0.558,	0,0,0,	-1.11873,2.91113,0
0.559,	0,0,0,	-1.12287,2.91398,0
0.56,	0,0,0,	-1.12702,2.91682,0
0.561,	0,0,0,	-1.13116,2.91966,0
0.562,	0,0,0,	-1.1353,2.92249,0
0.563,	0,0,0,	-1.13944,2.92533,0
0.564,	0,0,0,	-1.14358,2.92816,0
0.565,	0,0,0,	-1.14772,2.93098,0
0.566,	0,0,0,	-1.15186,2.9338,0
0.567,	0,0,0,	-1.15599,2.93662,0
0.568,	0,0,0,	-1.16013,2.93943,0
0.569,	0,0,0,	-1.16426,2.94224,0
0.57,	0,0,0,	-1.16839,2.94505,0
0.571,	0,0,0,	-1.17252,2.94785,0
0.572,	0,0,0,	-1.17664,2.95065,0
0.573,	0,0,0,	-1.18077,2.95344,0
0.574,	0,0,0,	-1.1849,2.95624,0
0.575,	0,0,0,	-1.18902,2.95902,0
0.576,	0,0,0,	-1.19314,2.96181,0
0.577,	0,0,0,	-1.19726,2.96459,0
0.578,	0,0,0,	-1.20138,2.96737,0
0.579,	0,0,0,	-1.2055,2.97014,0
0.58,	0,0,0,	-1.20961,2.97291,0
0.581,	0,0,0,	-1.21373,2.97568,0
0.582,	0,0,0,	-1.21784,2.97844,0
0.583,	0,0,0,	-1.22195,2.9812,0
0.584,	0,0,0,	-1.22606,2.98396,0
0.585,	0,0,0,	-1.23017,2.98671,0
0.586,	0,0,0,	-1.23428,2.98946,0
0.587,	0,0,0,	-1.23838,2.9922,0
0.588,	0,0,0,	-1.24249,2.99495,0
0.589,	0,0,0,	-1.24659,2.99768,0
0.59,	0,0,0,	-1.25069,3.00042,0
0.591,	0,0,0,	-1.25479,3.00315,0
0.592,	0,0,0,	-1.25889,3.00588,0
0.593,	0,0,0,	-1.26299,3.0086,0
0.594,	0,0,0,	-1.26709,3.01133,0
0.595,	0,0,0,	-1.27118,3.01404,0
0.596,	0,0,0,	-1.27527,3.01676,0
0.597,	0,0,0,	-1.27936,3.01947,0
0.598,	0,0,0,	-1.28345,3.02218,0
0.599,	0,0,0,	-1.28754,3.02488,0
0.6,	0,0,0,	-1.29163,3.02758,0
0.601,	0,0,0,	-1.29572,3.03028,0
0.602,	0,0,0,	-1.2998,3.03297,0
0.603,	0,0,0,	-1.30388,3.03567,0
0.604,	0,0,0,	-1.30797,3.03835,0
0.605,	0,0,0,	-1.31205,3.04104,0
0.606,	0,0,0,	-1.31612,3.04372,0
0.607,	0,0,0,	-1.3202,3.0464,0
0.608,	0,0,0,	-1.32428,3.04907,0
0.609,	0,0,0,	-1.32835,3.05174,0
0.61,	0,0,0,	-1.33242,3.05441,0
0.611,	0,0,0,	-1.3365,3.05708,0
0.612,	0,0,0,	-1.34057,3.05974,0
0.613,	0,0,0,	-1.34464,3.0624,0
0.614,	0,0,0,	-1.3487,3.06505,0
0.615,	0,0,0,	-1.35277,3.0677,0
0.616,	0,0,0,	-1.35683,3.07035,0
0.617,	0,0,0,	-1.3609,3.073,0
0.618,	0,0,0,	-1.36496,3.07564,0
0.619,	0,0,0,	-1.36902,3.07828,0
0.62,	0,0,0,	-1.37308,3.08091,0
0.621,	0,0,0,	-1.37713,3.08355,0
0.622,	0,0,0,	-1.38119,3.08618,0
0.623,	0,0,0,	-1.38524,3.0888,0
0.624,	0,0,0,	-1.3893,3.09142,0
0.625,	0,0,0,	-1.39335,3.09404,0
0.626,	0,0,0,	-1.3974,3.09666,0
0.627,	0,0,0,	-1.40145,3.09928,0
0.628,	0,0,0,	-1.4055,3.10189,0
0.629,	0,0,0,	-1.40954,3.10449,0
0.63,	0,0,0,	-1.41359,3.1071,0
0.631,	0,0,0,	-1.41763,3.1097,0
0.632,	0,0,0,	-1.42167,3.1123,0
0.633,	0,0,0,	-1.42571,3.11489,0
0.634,	0,0,0,	-1.42975,3.11749,0
0.635,	0,0,0,	-1.43379,3.12007,0
0.636,	0,0,0,	-1.43783,3.12266,0
0.637,	0,0,0,	-1.44186,3.12524,0
0.638,	0,0,0,	-1.44589,3.12782,0
0.639,	0,0,0,	-1.44993,3.1304,0
0.64,	0,0,0,	-1.45396,3.13298,0
0.641,	0,0,0,	-1.45799,3.13555,0
0.642,	0,0,0,	-1.46202,3.13811,0
0.643,	0,0,0,	-1.46604,3.14068,0
0.644,	0,0,0,	-1.47007,3.14324,0
0.645,	0,0,0,	-1.47409,3.1458,0
0.646,	0,0,0,	-1.47811,3.14836,0
0.647,	0,0,0,	-1.48213,3.15091,0
0.648,	0,0,0,	-1.48615,3.15346,0
0.649,	0,0,0,	-1.49017,3.15601,0
0.65,	0,0,0,	-1.49419,3.15855,0
0.651,	0,0,0,	-1.4982,3.16109,0
0.652,	0,0,0,	-1.50222,3.16363,0
0.653,	0,0,0,	-1.50623,3.16617,0
0.654,	0,0,0,	-1.51024,3.1687,0
0.655,	0,0,0,	-1.51425,3.17123,0
0.656,	0,0,0,	-1.51826,3.17376,0
0.657,	0,0,0,	-1.52227,3.17628,0
0.658,	0,0,0,	-1.52627,3.1788,0
0.659,	0,0,0,	-1.53028,3.18132,0
0.66,	0,0,0,	-1.53428,3.18384,0
0.661,	0,0,0,	-1.53828,3.18635,0
0.662,	0,0,0,	-1.54228,3.18886,0
0.663,	0,0,0,	-1.54628,3.19137,0
0.664,	0,0,0,	-1.55028,3.19387,0
0.665,	0,0,0,	-1.55428,3.19637,0
0.666,	0,0,0,	-1.55827,3.19887,0
0.667,	0,0,0,	-1.56226,3.20137,0
0.668,	0,0,0,	-1.56626,3.20386,0
0.669,	0,0,0,	-1.57025,3.20635,0
0.67,	0,0,0,	-1.57424,3.20884,0
0.671,	0,0,0,	-1.57823,3.21132,0
0.672,	0,0,0,	-1.58221,3.2138,0
0.673,	0,0,0,	-1.5862,3.21628,0
0.674,	0,0,0,	-1.59018,3.21876,0
0.675,	0,0,0,	-1.59416,3.22123,0
0.676,	0,0,0,	-1.59815,3.2237,0
0.677,	0,0,0,	-1.60213,3.22617,0
0.678,	0,0,0,	-1.6061,3.22864,0
0.679,	0,0,0,	-1.61008,3.2311,0
0.68,	0,0,0,	-1.61406,3.23356,0
0.681,	0,0,0,	-1.61803,3.23602,0
0.682,	0,0,0,	-1.622,3.23847,0
0.683,	0,0,0,	-1.62598,3.24092,0
0.684,	0,0,0,	-1.62995,3.24337,0
0.685,	0,0,0,	-1.63392,3.24582,0
0.686,	0,0,0,	-1.63788,3.24826,0
0.687,	0,0,0,	-1.64185,3.2507,0
0.688,	0,0,0,	-1.64582,3.25314,0
0.689,	0,0,0,	-1.64978,3.25558,0
0.69,	0,0,0,	-1.65374,3.25801,0
0.691,	0,0,0,	-1.6577,3.26044,0
0.692,	0,0,0,	-1.66166,3.26287,0
0.693,	0,0,0,	-1.66562,3.26529,0
0.694,	0,0,0,	-1.66958,3.26772,0
0.695,	0,0,0,	-1.67353,3.27014,0
0.696,	0,0,0,	-1.67749,3.27255,0
0.697,	0,0,0,	-1.68144,3.27497,0
0.698,	0,0,0,	-1.68539,3.27738,0
0.699,	0,0,0,	-1.68934,3.27979,0
0.7,	0,0,0,	-1.69329,3.2822,0
0.701,	0,0,0,	-1.69724,3.2846,0
0.702,	0,0,0,	-1.70119,3.287,0
0.703,	0,0,0,	-1.70513,3.2894,0
0.704,	0,0,0,	-1.70907,3.2918,0
0.705,	0,0,0,	-1.71302,3.29419,0
0.706,	0,0,0,	-1.71696,3.29659,0
0.707,	0,0,0,	-1.7209,3.29898,0
0.708,	0,0,0,	-1.72484,3.30136,0
0.709,	0,0,0,	-1.72877,3.30375,0
0.71,	0,0,0,	-1.73271,3.30613,0
0.711,	0,0,0,	-1.73664,3.30851,0
0.712,	0,0,0,	-1.74058,3.31088,0
0.713,	0,0,0,	-1.74451,3.31326,0
0.714,	0,0,0,	-1.74844,3.31563,0
0.715,	0,0,0,	-1.75237,3.318,0
0.716,	0,0,0,	-1.7563,3.32037,0
0.717,	0,0,0,	-1.76022,3.32273,0
0.718,	0,0,0,	-1.76415,3.32509,0
0.719,	0,0,0,	-1.76807,3.32745,0
0.72,	0,0,0,	-1.772,3.32981,0
0.721,	0,0,0,	-1.77592,3.33216,0
0.722,	0,0,0,	-1.77984,3.33451,0
0.723,	0,0,0,	-1.78376,3.33686,0
0.724,	0,0,0,	-1.78767,3.33921,0
0.725,	0,0,0,	-1.79159,3.34156,0
0.726,	0,0,0,	-1.79551,3.3439,0
0.727,	0,0,0,	-1.79942,3.34624,0
0.728,	0,0,0,	-1.80333,3.34857,0
0.729,	0,0,0,	-1.80724,3.35091,0
0.73,	0,0,0,	-1.81115,3.35324,0
0.731,	0,0,0,	-1.81506,3.35557,0
0.732,	0,0,0,	-1.81897,3.3579,0
0.733,	0,0,0,	-1.82287,3.36023,0
0.734,	0,0,0,	-1.82678,3.36255,0
0.735,	0,0,0,	-1.83068,3.36487,0
0.736,	0,0,0,	-1.83458,3.36719,0
0.737,	0,0,0,	-1.83848,3.3695,0
0.738,	0,0,0,	-1.84238,3.37182,0
0.739,	0,0,0,	-1.84628,3.37413,0
0.74,	0,0,0,	-1.85018,3.37644,0
0.741,	0,0,0,	-1.85407,3.37874,0
0.742,	0,0,0,	-1.85797,3.38105,0
0.743,	0,0,0,	-1.86186,3.38335,0
0.744,	0,0,0,	-1.86575,3.38565,0
0.745,	0,0,0,	-1.86964,3.38795,0
0.746,	0,0,0,	-1.87353,3.39024,0
0.747,	0,0,0,	-1.87742,3.39254,0
0.748,	0,0,0,	-1.88131,3.39483,0
0.749,	0,0,0,	-1.88519,3.39711,0
0.75,	0,0,0,	-1.88908,3.3994,0
0.751,	0,0,0,	-1.89296,3.40168,0
0.752,	0,0,0,	-1.89684,3.40396,0
0.753,	0,0,0,	-1.90072,3.40624,0
0.754,	0,0,0,	-1.9046,3.40852,0
0.755,	0,0,0,	-1.90848,3.4108,0
0.756,	0,0,0,	-1.91236,3.41307,0
0.757,	0,0,0,	-1.91623,3.41534,0
0.758,	0,0,0,	-1.92011,3.41761,0
0.759,	0,0,0,	-1.92398,3.41987,0
0.76,	0,0,0,	-1.92785,3.42213,0
0.761,	0,0,0,	-1.93172,3.42439,0
0.762,	0,0,0,	-1.93559,3.42665,0
0.763,	0,0,0,	-1.93946,3.42891,0
0.764,	0,0,0,	-1.94332,3.43116,0
0.765,	0,0,0,	-1.94719,3.43342,0
0.766,	0,0,0,	-1.95105,3.43567,0
0.767,	0,0,0,	-1.95492,3.43791,0
0.768,	0,0,0,	-1.95878,3.44016,0
0.769,	0,0,0,	-1.96264,3.4424,0
0.77,	0,0,0,	-1.9665,3.44464,0
0.771,	0,0,0,	-1.97035,3.44688,0
0.772,	0,0,0,	-1.97421,3.44912,0
0.773,	0,0,0,	-1.97807,3.45136,0
0.774,	0,0,0,	-1.98192,3.45359,0
0.775,	0,0,0,	-1.98577,3.45582,0
0.776,	0,0,0,	-1.98962,3.45805,0
0.777,	0,0,0,	-1.99348,3.46027,0
0.778,	0,0,0,	-1.99732,3.4625,0
0.779,	0,0,0,	-2.00117,3.46472,0
0.78,	0,0,0,	-2.00502,3.46694,0
0.781,	0,0,0,	-2.00886,3.46916,0
0.782,	0,0,0,	-2.01271,3.47137,0
0.783,	0,0,0,	-2.01655,3.47358,0
0.784,	0,0,0,	-2.02039,3.47579,0
0.785,	0,0,0,	-2.02423,3.478,0
0.786,	0,0,0,	-2.02807,3.48021,0
0.787,	0,0,0,	-2.03191,3.48242,0
0.788,	0,0,0,	-2.03575,3.48462,0
0.789,	0,0,0,	-2.03958,3.48682,0
0.79,	0,0,0,	-2.04342,3.48902,0
0.791,	0,0,0,	-2.04725,3.49121,0
0.792,	0,0,0,	-2.05108,3.49341,0
0.793,	0,0,0,	-2.05491,3.4956,0
0.794,	0,0,0,	-2.05874,3.49779,0
0.795,	0,0,0,	-2.06257,3.49998,0
0.796,	0,0,0,	-2.0664,3.50216,0
0.797,	0,0,0,	-2.07022,3.50435,0
0.798,	0,0,0,	-2.07405,3.50653,0
0.799,	0,0,0,	-2.07787,3.50871,0
0.8,	0,0,0,	-2.08169,3.51089,0
0.801,	0,0,0,	-2.08552,3.51306,0
0.802,	0,0,0,	-2.08934,3.51524,0
0.803,	0,0,0,	-2.09315,3.51741,0
0.804,	0,0,0,	-2.09697,3.51958,0
0.805,	0,0,0,	-2.10079,3.52175,0
0.806,	0,0,0,	-2.1046,3.52391,0
0.807,	0,0,0,	-2.10842,3.52608,0
0.808,	0,0,0,	-2.11223,3.52824,0
0.809,	0,0,0,	-2.11604,3.5304,0
0.81,	0,0,0,	-2.11985,3.53256,0
0.811,	0,0,0,	-2.12366,3.53471,0
0.812,	0,0,0,	-2.12747,3.53687,0
0.813,	0,0,0,	-2.13127,3.53902,0
0.814,	0,0,0,	-2.13508,3.54117,0
0.815,	0,0,0,	-2.13888,3.54332,0
0.816,	0,0,0,	-2.14269,3.54546,0
0.817,	0,0,0,	-2.14649,3.5476,0
0.818,	0,0,0,	-2.15029,3.54975,0
0.819,	0,0,0,	-2.15409,3.55189,0
0.82,	0,0,0,	-2.15789,3.55402,0
0.821,	0,0,0,	-2.16168,3.55616,0
0.822,	0,0,0,	-2.16548,3.55829,0
0.823,	0,0,0,	-2.16927,3.56043,0
0.824,	0,0,0,	-2.17307,3.56256,0
0.825,	0,0,0,	-2.17686,3.56469,0
0.826,	0,0,0,	-2.18065,3.56681,0
0.827,	0,0,0,	-2.18444,3.56894,0
0.828,	0,0,0,	-2.18823,3.57106,0
0.829,	0,0,0,	-2.19202,3.57318,0
0.83,	0,0,0,	-2.1958,3.5753,0
0.831,	0,0,0,	-2.19959,3.57741,0
0.832,	0,0,0,	-2.20337,3.57953,0
0.833,	0,0,0,	-2.20716,3.58164,0
0.834,	0,0,0,	-2.21094,3.58375,0
0.835,	0,0,0,	-2.21472,3.58586,0
0.836,	0,0,0,	-2.2185,3.58797,0
0.837,	0,0,0,	-2.22228,3.59007,0
0.838,	0,0,0,	-2.22605,3.59218,0
0.839,	0,0,0,	-2.22983,3.59428,0
0.84,	0,0,0,	-2.23361,3.59638,0
0.841,	0,0,0,	-2.23738,3.59848,0
0.842,	0,0,0,	-2.24115,3.60057,0
0.843,	0,0,0,	-2.24492,3.60267,0
0.844,	0,0,0,	-2.24869,3.60476,0
0.845,	0,0,0,	-2.25246,3.60685,0
0.846,	0,0,0,	-2.25623,3.60894,0
0.847,	0,0,0,	-2.26,3.61102,0
0.848,	0,0,0,	-2.26376,3.61311,0
0.849,	0,0,0,	-2.26753,3.61519,0
0.85,	0,0,0,	-2.27129,3.61727,0
0.851,	0,0,0,	-2.27505,3.61935,0
0.852,	0,0,0,	-2.27881,3.62143,0
0.853,	0,0,0,	-2.28257,3.62351,0
0.854,	0,0,0,	-2.28633,3.62558,0
0.855,	0,0,0,	-2.29009,3.62765,0
0.856,	0,0,0,	-2.29384,3.62972,0
0.857,	0,0,0,	-2.2976,3.63179,0
0.858,	0,0,0,	-2.30135,3.63386,0
0.859,	0,0,0,	-2.30511,3.63592,0
0.86,	0,0,0,	-2.30886,3.63799,0
0.861,	0,0,0,	-2.31261,3.64005,0
0.862,	0,0,0,	-2.31636,3.64211,0
0.863,	0,0,0,	-2.32011,3.64416,0
0.864,	0,0,0,	-2.32385,3.64622,0
0.865,	0,0,0,	-2.3276,3.64827,0
0.866,	0,0,0,	-2.33135,3.65033,0
0.867,	0,0,0,	-2.33509,3.65238,0
0.868,	0,0,0,	-2.33883,3.65443,0
0.869,	0,0,0,	-2.34257,3.65647,0
0.87,	0,0,0,	-2.34631,3.65852,0
0.871,	0,0,0,	-2.35005,3.66056,0
0.872,	0,0,0,	-2.35379,3.6626,0
0.873,	0,0,0,	-2.35753,3.66464,0
0.874,	0,0,0,	-2.36126,3.66668,0
0.875,	0,0,0,	-2.365,3.66872,0
0.876,	0,0,0,	-2.36873,3.67075,0
0.877,	0,0,0,	-2.37247,3.67278,0
0.878,	0,0,0,	-2.3762,3.67482,0
0.879,	0,0,0,	-2.37993,3.67685,0
0.88,	0,0,0,	-2.38366,3.67887,0
0.881,	0,0,0,	-2.38738,3.6809,0
0.882,	0,0,0,	-2.39111,3.68292,0
0.883,	0,0,0,	-2.39484,3.68495,0
0.884,	0,0,0,	-2.39856,3.68697,0
0.885,	0,0,0,	-2.40229,3.68899,0
0.886,	0,0,0,	-2.40601,3.691,0
0.887,	0,0,0,	-2.40973,3.69302,0
0.888,	0,0,0,	-2.41345,3.69503,0
0.889,	0,0,0,	-2.41717,3.69705,0
0.89,	0,0,0,	-2.42089,3.69906,0
0.891,	0,0,0,	-2.4246,3.70107,0
0.892,	0,0,0,	-2.42832,3.70307,0
0.893,	0,0,0,	-2.43203,3.70508,0
0.894,	0,0,0,	-2.43575,3.70708,0
0.895,	0,0,0,	-2.43946,3.70908,0
0.896,	0,0,0,	-2.44317,3.71109,0
0.897,	0,0,0,	-2.44688,3.71308,0
0.898,	0,0,0,	-2.45059,3.71508,0
0.899,	0,0,0,	-2.4543,3.71708,0
0.9,	0,0,0,	-2.45801,3.71907,0
0.901,	0,0,0,	-2.46171,3.72106,0
0.902,	0,0,0,	-2.46542,3.72305,0
0.903,	0,0,0,	-2.46912,3.72504,0
0.904,	0,0,0,	-2.47282,3.72703,0
0.905,	0,0,0,	-2.47653,3.72902,0
0.906,	0,0,0,	-2.48023,3.731,0
0.907,	0,0,0,	-2.48393,3.73298,0
0.908,	0,0,0,	-2.48762,3.73496,0
0.909,	0,0,0,	-2.49132,3.73694,0
0.91,	0,0,0,	-2.49502,3.73892,0
0.911,	0,0,0,	-2.49871,3.7409,0
0.912,	0,0,0,	-2.50241,3.74287,0
0.913,	0,0,0,	-2.5061,3.74484,0
0.914,	0,0,0,	-2.50979,3.74681,0
0.915,	0,0,0,	-2.51348,3.74878,0
0.916,	0,0,0,	-2.51717,3.75075,0
0.917,	0,0,0,	-2.52086,3.75272,0
0.918,	0,0,0,	-2.52455,3.75468,0
0.919,	0,0,0,	-2.52823,3.75664,0
0.92,	0,0,0,	-2.53192,3.75861,0
0.921,	0,0,0,	-2.5356,3.76057,0
0.922,	0,0,0,	-2.53929,3.76252,0
0.923,	0,0,0,	-2.54297,3.76448,0
0.924,	0,0,0,	-2.54665,3.76644,0
0.925,	0,0,0,	-2.55033,3.76839,0
0.926,	0,0,0,	-2.55401,3.77034,0
0.927,	0,0,0,	-2.55769,3.77229,0
0.928,	0,0,0,	-2.56136,3.77424,0
0.929,	0,0,0,	-2.56504,3.77619,0
0.93,	0,0,0,	-2.56871,3.77813,0
0.931,	0,0,0,	-2.57239,3.78008,0
0.932,	0,0,0,	-2.57606,3.78202,0
0.933,	0,0,0,	-2.57973,3.78396,0
0.934,	0,0,0,	-2.5834,3.7859,0
0.935,	0,0,0,	-2.58707,3.78784,0
0.936,	0,0,0,	-2.59074,3.78977,0
0.937,	0,0,0,	-2.59441,3.79171,0
0.938,	0,0,0,	-2.59807,3.79364,0
0.939,	0,0,0,	-2.60174,3.79557,0
0.94,	0,0,0,	-2.6054,3.7975,0
0.941,	0,0,0,	-2.60907,3.79943,0
0.942,	0,0,0,	-2.61273,3.80136,0
0.943,	0,0,0,	-2.61639,3.80328,0
0.944,	0,0,0,	-2.62005,3.80521,0
0.945,	0,0,0,	-2.62371,3.80713,0
0.946,	0,0,0,	-2.62736,3.80905,0
0.947,	0,0,0,	-2.63102,3.81097,0
0.948,	0,0,0,	-2.63468,3.81289,0
0.949,	0,0,0,	-2.63833,3.81481,0
0.95,	0,0,0,	-2.64199,3.81672,0
0.951,	0,0,0,	-2.64564,3.81863,0
0.952,	0,0,0,	-2.64929,3.82055,0
0.953,	0,0,0,	-2.65294,3.82246,0
0.954,	0,0,0,	-2.65659,3.82436,0
0.955,	0,0,0,	-2.66024,3.82627,0
0.956,	0,0,0,	-2.66389,3.82818,0
0.957,	0,0,0,	-2.66753,3.83008,0
0.958,	0,0,0,	-2.67118,3.83199,0
0.959,	0,0,0,	-2.67482,3.83389,0
0.96,	0,0,0,	-2.67846,3.83579,0
0.961,	0,0,0,	-2.68211,3.83768,0
0.962,	0,0,0,	-2.68575,3.83958,0
0.963,	0,0,0,	-2.68939,3.84148,0
0.964,	0,0,0,	-2.69303,3.84337,0
0.965,	0,0,0,	-2.69666,3.84526,0
0.966,	0,0,0,	-2.7003,3.84716,0
0.967,	0,0,0,	-2.70394,3.84904,0
0.968,	0,0,0,	-2.70757,3.85093,0
0.969,	0,0,0,	-2.71121,3.85282,0
0.97,	0,0,0,	-2.71484,3.8547,0
0.971,	0,0,0,	-2.71847,3.85659,0
0.972,	0,0,0,	-2.7221,3.85847,0
0.973,	0,0,0,	-2.72573,3.86035,0
0.974,	0,0,0,	-2.72936,3.86223,0
0.975,	0,0,0,	-2.73299,3.86411,0
0.976,	0,0,0,	-2.73662,3.86599,0
0.977,	0,0,0,	-2.74024,3.86786,0
0.978,	0,0,0,	-2.74387,3.86973,0
0.979,	0,0,0,	-2.74749,3.87161,0
0.98,	0,0,0,	-2.75111,3.87348,0
0.981,	0,0,0,	-2.75473,3.87535,0
0.982,	0,0,0,	-2.75836,3.87722,0
0.983,	0,0,0,	-2.76198,3.87908,0
0.984,	0,0,0,	-2.76559,3.88095,0
0.985,	0,0,0,	-2.76921,3.88281,0
0.986,	0,0,0,	-2.77283,3.88467,0
0.987,	0,0,0,	-2.77644,3.88653,0
0.988,	0,0,0,	-2.78006,3.88839,0
0.989,	0,0,0,	-2.78367,3.89025,0
0.99,	0,0,0,	-2.78728,3.89211,0
0.991,	0,0,0,	-2.7909,3.89396,0
0.992,	0,0,0,	-2.79451,3.89582,0
0.993,	0,0,0,	-2.79812,3.89767,0
0.994,	0,0,0,	-2.80173,3.89952,0
0.995,	0,0,0,	-2.80533,3.90137,0
0.996,	0,0,0,	-2.80894,3.90322,0
0.997,	0,0,0,	-2.81255,3.90507,0
0.998,	0,0,0,	-2.81615,3.90691,0
0.999,	0,0,0,	-2.81975,3.90876,0
1,	0,0,0,	-2.82336,3.9106,0
1.001,	0,0,0,	-2.82696,3.91244,0
1.002,	0,0,0,	-2.83056,3.91428,0
1.003,	0,0,0,	-2.83416,3.91612,0
1.004,	0,0,0,	-2.83776,3.91796,0
1.005,	0,0,0,	-2.84135,3.91979,0
1.006,	0,0,0,	-2.84495,3.92163,0
1.007,	0,0,0,	-2.84855,3.92346,0
1.008,	0,0,0,	-2.85214,3.92529,0
1.009,	0,0,0,	-2.85574,3.92712,0
1.01,	0,0,0,	-2.85933,3.92895,0
1.011,	0,0,0,	-2.86292,3.93078,0
1.012,	0,0,0,	-2.86651,3.93261,0
1.013,	0,0,0,	-2.8701,3.93443,0
1.014,	0,0,0,	-2.87369,3.93625,0
1.015,	0,0,0,	-2.87728,3.93808,0
1.016,	0,0,0,	-2.88086,3.9399,0
1.017,	0,0,0,	-2.88445,3.94172,0
1.018,	0,0,0,	-2.88804,3.94354,0
1.019,	0,0,0,	-2.89162,3.94535,0
1.02,	0,0,0,	-2.8952,3.94717,0
1.021,	0,0,0,	-2.89878,3.94898,0
1.022,	0,0,0,	-2.90237,3.9508,0
1.023,	0,0,0,	-2.90595,3.95261,0
1.024,	0,0,0,	-2.90952,3.95442,0
1.025,	0,0,0,	-2.9131,3.95623,0
1.026,	0,0,0,	-2.91668,3.95804,0
1.027,	0,0,0,	-2.92026,3.95984,0
1.028,	0,0,0,	-2.92383,3.96165,0
1.029,	0,0,0,	-2.92741,3.96345,0
1.03,	0,0,0,	-2.93098,3.96525,0
1.031,	0,0,0,	-2.93455,3.96706,0
1.032,	0,0,0,	-2.93812,3.96886,0
1.033,	0,0,0,	-2.94169,3.97065,0
1.034,	0,0,0,	-2.94526,3.97245,0
1.035,	0,0,0,	-2.94883,3.97425,0
1.036,	0,0,0,	-2.9524,3.97604,0
1.037,	0,0,0,	-2.95597,3.97784,0
1.038,	0,0,0,	-2.95953,3.97963,0
1.039,	0,0,0,	-2.9631,3.98142,0
1.04,	0,0,0,	-2.96666,3.98321,0
1.041,	0,0,0,	-2.97022,3.985,0
1.042,	0,0,0,	-2.97378,3.98678,0
1.043,	0,0,0,	-2.97734,3.98857,0
1.044,	0,0,0,	-2.9809,3.99035,0
1.045,	0,0,0,	-2.98446,3.99214,0
1.046,	0,0,0,	-2.98802,3.99392,0
1.047,	0,0,0,	-2.99158,3.9957,0
1.048,	0,0,0,	-2.99513,3.99748,0
1.049,	0,0,0,	-2.99869,3.99926,0
1.05,	0,0,0,	-3.00224,4.00103,0
1.051,	0,0,0,	-3.0058,4.00281,0
1.052,	0,0,0,	-3.00935,4.00458,0
1.053,	0,0,0,	-3.0129,4.00636,0
1.054,	0,0,0,	-3.01645,4.00813,0
1.055,	0,0,0,	-3.02,4.0099,0
1.056,	0,0,0,	-3.02355,4.01167,0
1.057,	0,0,0,	-3.0271,4.01344,0
1.058,	0,0,0,	-3.03064,4.0152,0
1.059,	0,0,0,	-3.03419,4.01697,0
1.06,	0,0,0,	-3.03773,4.01873,0
1.061,	0,0,0,	-3.04128,4.0205,0
1.062,	0,0,0,	-3.04482,4.02226,0
1.063,	0,0,0,	-3.04836,4.02402,0
1.064,	0,0,0,	-3.0519,4.02578,0
1.065,	0,0,0,	-3.05544,4.02754,0
1.066,	0,0,0,	-3.05898,4.02929,0
1.067,	0,0,0,	-3.06252,4.03105,0
1.068,	0,0,0,	-3.06606,4.0328,0
1.069,	0,0,0,	-3.06959,4.03456,0
1.07,	0,0,0,	-3.07313,4.03631,0
1.071,	0,0,0,	-3.07666,4.03806,0
1.072,	0,0,0,	-3.0802,4.03981,0
1.073,	0,0,0,	-3.08373,4.04156,0
1.074,	0,0,0,	-3.08726,4.04331,0
1.075,	0,0,0,	-3.09079,4.04505,0
1.076,	0,0,0,	-3.09432,4.0468,0
1.077,	0,0,0,	-3.09785,4.04854,0
1.078,	0,0,0,	-3.10138,4.05028,0
1.079,	0,0,0,	-3.10491,4.05202,0
1.08,	0,0,0,	-3.10843,4.05376,0
1.081,	0,0,0,	-3.11196,4.0555,0
1.082,	0,0,0,	-3.11548,4.05724,0
1.083,	0,0,0,	-3.119,4.05898,0
1.084,	0,0,0,	-3.12253,4.06071,0
1.085,	0,0,0,	-3.12605,4.06244,0
1.086,	0,0,0,	-3.12957,4.06418,0
1.087,	0,0,0,	-3.13309,4.06591,0
1.088,	0,0,0,	-3.13661,4.06764,0
1.089,	0,0,0,	-3.14013,4.06937,0
1.09,	0,0,0,	-3.14364,4.0711,0
1.091,	0,0,0,	-3.14716,4.07282,0
1.092,	0,0,0,	-3.15067,4.07455,0
1.093,	0,0,0,	-3.15419,4.07627,0
1.094,	0,0,0,	-3.1577,4.078,0
1.095,	0,0,0,	-3.16121,4.07972,0
1.096,	0,0,0,	-3.16473,4.08144,0
1.097,	0,0,0,	-3.16824,4.08316,0
1.098,	0,0,0,	-3.17175,4.08488,0
1.099,	0,0,0,	-3.17525,4.0866,0
1.1,	0,0,0,	-3.17876,4.08831,0
1.101,	0,0,0,	-3.18227,4.09003,0
1.102,	0,0,0,	-3.18578,4.09174,0
1.103,	0,0,0,	-3.18928,4.09345,0
1.104,	0,0,0,	-3.19278,4.09517,0
1.105,	0,0,0,	-3.19629,4.09688,0
1.106,	0,0,0,	-3.19979,4.09859,0
1.107,	0,0,0,	-3.20329,4.10029,0
1.108,	0,0,0,	-3.20679,4.102,0
1.109,	0,0,0,	-3.21029,4.10371,0
1.11,	0,0,0,	-3.21379,4.10541,0
1.111,	0,0,0,	-3.21729,4.10711,0
1.112,	0,0,0,	-3.22079,4.10882,0
1.113,	0,0,0,	-3.22428,4.11052,0
1.114,	0,0,0,	-3.22778,4.11222,0
1.115,	0,0,0,	-3.23127,4.11392,0
1.116,	0,0,0,	-3.23477,4.11562,0
1.117,	0,0,0,	-3.23826,4.11731,0
1.118,	0,0,0,	-3.24175,4.11901,0
1.119,	0,0,0,	-3.24524,4.1207,0
1.12,	0,0,0,	-3.24873,4.1224,0
1.121,	0,0,0,	-3.25222,4.12409,0
1.122,	0,0,0,	-3.25571,4.12578,0
1.123,	0,0,0,	-3.2592,4.12747,0
1.124,	0,0,0,	-3.26268,4.12916,0
1.125,	0,0,0,	-3.26617,4.13085,0
1.126,	0,0,0,	-3.26965,4.13253,0
1.127,	0,0,0,	-3.27314,4.13422,0
1.128,	0,0,0,	-3.27662,4.1359,0
1.129,	0,0,0,	-3.2801,4.13759,0
1.13,	0,0,0,	-3.28358,4.13927,0
1.131,	0,0,0,	-3.28706,4.14095,0
1.132,	0,0,0,	-3.29054,4.14263,0
1.133,	0,0,0,	-3.29402,4.14431,0
1.134,	0,0,0,	-3.2975,4.14599,0
1.135,	0,0,0,	-3.30098,4.14766,0
1.136,	0,0,0,	-3.30445,4.14934,0
1.137,	0,0,0,	-3.30793,4.15101,0
1.138,	0,0,0,	-3.3114,4.15269,0
1.139,	0,0,0,	-3.31487,4.15436,0
1.14,	0,0,0,	-3.31835,4.15603,0
1.141,	0,0,0,	-3.32182,4.1577,0
1.142,	0,0,0,	-3.32529,4.15937,0
1.143,	0,0,0,	-3.32876,4.16104,0
1.144,	0,0,0,	-3.33223,4.1627,0
1.145,	0,0,0,	-3.33569,4.16437,0
1.146,	0,0,0,	-3.33916,4.16603,0
1.147,	0,0,0,	-3.34263,4.1677,0
1.148,	0,0,0,	-3.34609,4.16936,0
1.149,	0,0,0,	-3.34956,4.17102,0
1.15,	0,0,0,	-3.35302,4.17268,0
1.151,	0,0,0,	-3.35648,4.17434,0
1.152,	0,0,0,	-3.35995,4.176,0
1.153,	0,0,0,	-3.36341,4.17766,0
1.154,	0,0,0,	-3.36687,4.17931,0
1.155,	0,0,0,	-3.37033,4.18097,0
1.156,	0,0,0,	-3.37379,4.18262,0
1.157,	0,0,0,	-3.37724,4.18427,0
1.158,	0,0,0,	-3.3807,4.18593,0
1.159,	0,0,0,	-3.38416,4.18758,0
1.16,	0,0,0,	-3.38761,4.18923,0
1.161,	0,0,0,	-3.39107,4.19088,0
1.162,	0,0,0,	-3.39452,4.19252,0
1.163,	0,0,0,	-3.39797,4.19417,0
1.164,	0,0,0,	-3.40142,4.19582,0
1.165,	0,0,0,	-3.40487,4.19746,0
1.166,	0,0,0,	-3.40832,4.1991,0
1.167,	0,0,0,	-3.41177,4.20075,0
1.168,	0,0,0,	-3.41522,4.20239,0
1.169,	0,0,0,	-3.41867,4.20403,0
1.17,	0,0,0,	-3.42212,4.20567,0
1.171,	0,0,0,	-3.42556,4.2073,0
1.172,	0,0,0,	-3.42901,4.20894,0
1.173,	0,0,0,	-3.43245,4.21058,0
1.174,	0,0,0,	-3.43589,4.21221,0
1.175,	0,0,0,	-3.43934,4.21385,0
1.176,	0,0,0,	-3.44278,4.21548,0
1.177,	0,0,0,	-3.44622,4.21711,0
1.178,	0,0,0,	-3.44966,4.21874,0
1.179,	0,0,0,	-3.4531,4.22037,0
1.18,	0,0,0,	-3.45654,4.222,0
1.181,	0,0,0,	-3.45997,4.22363,0
1.182,	0,0,0,	-3.46341,4.22526,0
1.183,	0,0,0,	-3.46684,4.22688,0
1.184,	0,0,0,	-3.47028,4.22851,0
1.185,	0,0,0,	-3.47371,4.23013,0
1.186,	0,0,0,	-3.47715,4.23175,0
1.187,	0,0,0,	-3.48058,4.23337,0
1.188,	0,0,0,	-3.48401,4.235,0
1.189,	0,0,0,	-3.48744,4.23662,0
1.19,	0,0,0,	-3.49087,4.23823,0
1.191,	0,0,0,	-3.4943,4.23985,0
1.192,	0,0,0,	-3.49773,4.24147,0
1.193,	0,0,0,	-3.50116,4.24308,0
1.194,	0,0,0,	-3.50458,4.2447,0
1.195,	0,0,0,	-3.50801,4.24631,0
1.196,	0,0,0,	-3.51143,4.24792,0
1.197,	0,0,0,	-3.51486,4.24954,0
1.198,	0,0,0,	-3.51828,4.25115,0
1.199,	0,0,0,	-3.5217,4.25276,0
1.2,	0,0,0,	-3.52512,4.25437,0
1.201,	0,0,0,	-3.52854,4.25597,0
1.202,	0,0,0,	-3.53196,4.25758,0
1.203,	0,0,0,	-3.53538,4.25919,0
1.204,	0,0,0,	-3.5388,4.26079,0
1.205,	0,0,0,	-3.54222,4.26239,0
1.206,	0,0,0,	-3.54563,4.264,0
1.207,	0,0,0,	-3.54905,4.2656,0
1.208,	0,0,0,	-3.55247,4.2672,0
1.209,	0,0,0,	-3.55588,4.2688,0
1.21,	0,0,0,	-3.55929,4.2704,0
1.211,	0,0,0,	-3.56271,4.27199,0
1.212,	0,0,0,	-3.56612,4.27359,0
1.213,	0,0,0,	-3.56953,4.27519,0
1.214,	0,0,0,	-3.57294,4.27678,0
1.215,	0,0,0,	-3.57635,4.27838,0
1.216,	0,0,0,	-3.57976,4.27997,0
1.217,	0,0,0,	-3.58316,4.28156,0
1.218,	0,0,0,	-3.58657,4.28315,0
1.219,	0,0,0,	-3.58998,4.28474,0
1.22,	0,0,0,	-3.59338,4.28633,0
1.221,	0,0,0,	-3.59679,4.28792,0
1.222,	0,0,0,	-3.60019,4.28951,0
1.223,	0,0,0,	-3.60359,4.29109,0
1.224,	0,0,0,	-3.60699,4.29268,0
1.225,	0,0,0,	-3.61039,4.29426,0
1.226,	0,0,0,	-3.61379,4.29584,0
1.227,	0,0,0,	-3.61719,4.29743,0
1.228,	0,0,0,	-3.62059,4.29901,0
1.229,	0,0,0,	-3.62399,4.30059,0
1.23,	0,0,0,	-3.62739,4.30217,0
1.231,	0,0,0,	-3.63078,4.30375,0
1.232,	0,0,0,	-3.63418,4.30532,0
1.233,	0,0,0,	-3.63757,4.3069,0
1.234,	0,0,0,	-3.64097,4.30848,0
1.235,	0,0,0,	-3.64436,4.31005,0
1.236,	0,0,0,	-3.64775,4.31162,0
1.237,	0,0,0,	-3.65114,4.3132,0
1.238,	0,0,0,	-3.65454,4.31477,0
1.239,	0,0,0,	-3.65793,4.31634,0
1.24,	0,0,0,	-3.66131,4.31791,0
1.241,	0,0,0,	-3.6647,4.31948,0
1.242,	0,0,0,	-3.66809,4.32105,0
1.243,	0,0,0,	-3.67148,4.32261,0
1.244,	0,0,0,	-3.67486,4.32418,0
1.245,	0,0,0,	-3.67825,4.32574,0
1.246,	0,0,0,	-3.68163,4.32731,0
1.247,	0,0,0,	-3.68502,4.32887,0
1.248,	0,0,0,	-3.6884,4.33043,0
1.249,	0,0,0,	-3.69178,4.332,0
1.25,	0,0,0,	-3.69516,4.33356,0
1.251,	0,0,0,	-3.69854,4.33512,0
1.252,	0,0,0,	-3.70192,4.33668,0
1.253,	0,0,0,	-3.7053,4.33823,0
1.254,	0,0,0,	-3.70868,4.33979,0
1.255,	0,0,0,	-3.71205,4.34135,0
1.256,	0,0,0,	-3.71543,4.3429,0
1.257,	0,0,0,	-3.71881,4.34445,0
1.258,	0,0,0,	-3.72218,4.34601,0
1.259,	0,0,0,	-3.72556,4.34756,0
1.26,	0,0,0,	-3.72893,4.34911,0
1.261,	0,0,0,	-3.7323,4.35066,0
1.262,	0,0,0,	-3.73567,4.35221,0
1.263,	0,0,0,	-3.73904,4.35376,0
1.264,	0,0,0,	-3.74241,4.35531,0
1.265,	0,0,0,	-3.74578,4.35685,0
1.266,	0,0,0,	-3.74915,4.3584,0
1.267,	0,0,0,	-3.75252,4.35995,0
1.268,	0,0,0,	-3.75589,4.36149,0
1.269,	0,0,0,	-3.75925,4.36303,0
1.27,	0,0,0,	-3.76262,4.36458,0
1.271,	0,0,0,	-3.76598,4.36612,0
1.272,	0,0,0,	-3.76935,4.36766,0
1.273,	0,0,0,	-3.77271,4.3692,0
1.274,	0,0,0,	-3.77607,4.37074,0
1.275,	0,0,0,	-3.77943,4.37227,0
1.276,	0,0,0,	-3.7828,4.37381,0
1.277,	0,0,0,	-3.78616,4.37535,0
1.278,	0,0,0,	-3.78951,4.37688,0
1.279,	0,0,0,	-3.79287,4.37842,0
1.28,	0,0,0,	-3.79623,4.37995,0
1.281,	0,0,0,	-3.79959,4.38148,0
1.282,	0,0,0,	-3.80294,4.38301,0
1.283,	0,0,0,	-3.8063,4.38454,0
1.284,	0,0,0,	-3.80965,4.38607,0
1.285,	0,0,0,	-3.81301,4.3876,0
1.286,	0,0,0,	-3.81636,4.38913,0
1.287,	0,0,0,	-3.81971,4.39066,0
1.288,	0,0,0,	-3.82306,4.39218,0
1.289,	0,0,0,	-3.82642,4.39371,0
1.29,	0,0,0,	-3.82977,4.39523,0
1.291,	0,0,0,	-3.83311,4.39676,0
1.292,	0,0,0,	-3.83646,4.39828,0
1.293,	0,0,0,	-3.83981,4.3998,0
1.294,	0,0,0,	-3.84316,4.40132,0
1.295,	0,0,0,	-3.8465,4.40284,0
1.296,	0,0,0,	-3.84985,4.40436,0
1.297,	0,0,0,	-3.85319,4.40588,0
1.298,	0,0,0,	-3.85654,4.4074,0
1.299,	0,0,0,	-3.85988,4.40892,0
1.3,	0,0,0,	-3.86322,4.41043,0
1.301,	0,0,0,	-3.86657,4.41195,0
1.302,	0,0,0,	-3.86991,4.41346,0
1.303,	0,0,0,	-3.87325,4.41497,0
1.304,	0,0,0,	-3.87659,4.41649,0
1.305,	0,0,0,	-3.87993,4.418,0
1.306,	0,0,0,	-3.88326,4.41951,0
1.307,	0,0,0,	-3.8866,4.42102,0
1.308,	0,0,0,	-3.88994,4.42253,0
1.309,	0,0,0,	-3.89327,4.42403,0
1.31,	0,0,0,	-3.89661,4.42554,0
1.311,	0,0,0,	-3.89994,4.42705,0
1.312,	0,0,0,	-3.90327,4.42855,0
1.313,	0,0,0,	-3.90661,4.43006,0
1.314,	0,0,0,	-3.90994,4.43156,0
1.315,	0,0,0,	-3.91327,4.43307,0
1.316,	0,0,0,	-3.9166,4.43457,0
1.317,	0,0,0,	-3.91993,4.43607,0
1.318,	0,0,0,	-3.92326,4.43757,0
1.319,	0,0,0,	-3.92659,4.43907,0
1.32,	0,0,0,	-3.92992,4.44057,0
1.321,	0,0,0,	-3.93324,4.44207,0
1.322,	0,0,0,	-3.93657,4.44356,0
1.323,	0,0,0,	-3.93989,4.44506,0
1.324,	0,0,0,	-3.94322,4.44655,0
1.325,	0,0,0,	-3.94654,4.44805,0
1.326,	0,0,0,	-3.94986,4.44954,0
1.327,	0,0,0,	-3.95319,4.45104,0
1.328,	0,0,0,	-3.95651,4.45253,0
1.329,	0,0,0,	-3.95983,4.45402,0
1.33,	0,0,0,	-3.96315,4.45551,0
1.331,	0,0,0,	-3.96647,4.457,0
1.332,	0,0,0,	-3.96979,4.45849,0
1.333,	0,0,0,	-3.9731,4.45998,0
1.334,	0,0,0,	-3.97642,4.46146,0
1.335,	0,0,0,	-3.97974,4.46295,0
1.336,	0,0,0,	-3.98305,4.46443,0
1.337,	0,0,0,	-3.98637,4.46592,0
1.338,	0,0,0,	-3.98968,4.4674,0
1.339,	0,0,0,	-3.993,4.46889,0
1.34,	0,0,0,	-3.99631,4.47037,0
1.341,	0,0,0,	-3.99962,4.47185,0
1.342,	0,0,0,	-4.00293,4.47333,0
1.343,	0,0,0,	-4.00624,4.47481,0
1.344,	0,0,0,	-4.00955,4.47629,0
1.345,	0,0,0,	-4.01286,4.47777,0
1.346,	0,0,0,	-4.01617,4.47924,0
1.347,	0,0,0,	-4.01948,4.48072,0
1.348,	0,0,0,	-4.02278,4.4822,0
1.349,	0,0,0,	-4.02609,4.48367,0
1.35,	0,0,0,	-4.0294,4.48514,0
1.351,	0,0,0,	-4.0327,4.48662,0
1.352,	0,0,0,	-4.036,4.48809,0
1.353,	0,0,0,	-4.03931,4.48956,0
1.354,	0,0,0,	-4.04261,4.49103,0
1.355,	0,0,0,	-4.04591,4.4925,0
1.356,	0,0,0,	-4.04921,4.49397,0
1.357,	0,0,0,	-4.05251,4.49544,0
1.358,	0,0,0,	-4.05581,4.49691,0
1.359,	0,0,0,	-4.05911,4.49837,0
1.36,	0,0,0,	-4.06241,4.49984,0
1.361,	0,0,0,	-4.06571,4.50131,0
1.362,	0,0,0,	-4.069,4.50277,0
1.363,	0,0,0,	-4.0723,4.50423,0
1.364,	0,0,0,	-4.07559,4.5057,0
1.365,	0,0,0,	-4.07889,4.50716,0
1.366,	0,0,0,	-4.08218,4.50862,0
1.367,	0,0,0,	-4.08548,4.51008,0
1.368,	0,0,0,	-4.08877,4.51154,0
1.369,	0,0,0,	-4.09206,4.513,0
1.37,	0,0,0,	-4.09535,4.51446,0
1.371,	0,0,0,	-4.09864,4.51591,0
1.372,	0,0,0,	-4.10193,4.51737,0
1.373,	0,0,0,	-4.10522,4.51883,0
1.374,	0,0,0,	-4.10851,4.52028,0
1.375,	0,0,0,	-4.1118,4.52174,0
1.376,	0,0,0,	-4.11508,4.52319,0
1.377,	0,0,0,	-4.11837,4.52464,0
1.378,	0,0,0,	-4.12165,4.52609,0
1.379,	0,0,0,	-4.12494,4.52754,0
1.38,	0,0,0,	-4.12822,4.52899,0
1.381,	0,0,0,	-4.13151,4.53044,0
1.382,	0,0,0,	-4.13479,4.53189,0
1.383,	0,0,0,	-4.13807,4.53334,0
1.384,	0,0,0,	-4.14135,4.53479,0
1.385,	0,0,0,	-4.14463,4.53623,0
1.386,	0,0,0,	-4.14791,4.53768,0
1.387,	0,0,0,	-4.15119,4.53912,0
1.388,	0,0,0,	-4.15447,4.54057,0
1.389,	0,0,0,	-4.15774,4.54201,0
1.39,	0,0,0,	-4.16102,4.54345,0
1.391,	0,0,0,	-4.1643,4.5449,0
1.392,	0,0,0,	-4.16757,4.54634,0
1.393,	0,0,0,	-4.17085,4.54778,0
1.394,	0,0,0,	-4.17412,4.54922,0
1.395,	0,0,0,	-4.1774,4.55066,0
1.396,	0,0,0,	-4.18067,4.55209,0
1.397,	0,0,0,	-4.18394,4.55353,0
1.398,	0,0,0,	-4.18721,4.55497,0
1.399,	0,0,0,	-4.19048,4.5564,0
1.4,	0,0,0,	-4.19375,4.55784,0
1.401,	0,0,0,	-4.19702,4.55927,0
1.402,	0,0,0,	-4.20029,4.56071,0
1.403,	0,0,0,	-4.20356,4.56214,0
1.404,	0,0,0,	-4.20682,4.56357,0
1.405,	0,0,0,	-4.21009,4.565,0
1.406,	0,0,0,	-4.21336,4.56643,0
1.407,	0,0,0,	-4.21662,4.56786,0
1.408,	0,0,0,	-4.21988,4.56929,0
1.409,	0,0,0,	-4.22315,4.57072,0
1.41,	0,0,0,	-4.22641,4.57215,0
1.411,	0,0,0,	-4.22967,4.57357,0
1.412,	0,0,0,	-4.23293,4.575,0
1.413,	0,0,0,	-4.2362,4.57642,0
1.414,	0,0,0,	-4.23946,4.57785,0
1.415,	0,0,0,	-4.24272,4.57927,0
1.416,	0,0,0,	-4.24597,4.58069,0
1.417,	0,0,0,	-4.24923,4.58212,0
1.418,	0,0,0,	-4.25249,4.58354,0
1.419,	0,0,0,	-4.25575,4.58496,0
1.42,	0,0,0,	-4.259,4.58638,0
1.421,	0,0,0,	-4.26226,4.5878,0
1.422,	0,0,0,	-4.26551,4.58922,0
1.423,	0,0,0,	-4.26877,4.59063,0
1.424,	0,0,0,	-4.27202,4.59205,0
1.425,	0,0,0,	-4.27527,4.59347,0
1.426,	0,0,0,	-4.27852,4.59488,0
1.427,	0,0,0,	-4.28177,4.5963,0
1.428,	0,0,0,	-4.28503,4.59771,0
1.429,	0,0,0,	-4.28828,4.59912,0
1.43,	0,0,0,	-4.29152,4.60054,0
1.431,	0,0,0,	-4.29477,4.60195,0
1.432,	0,0,0,	-4.29802,4.60336,0
1.433,	0,0,0,	-4.30127,4.60477,0
1.434,	0,0,0,	-4.30451,4.60618,0
1.435,	0,0,0,	-4.30776,4.60759,0
1.436,	0,0,0,	-4.311,4.609,0
1.437,	0,0,0,	-4.31425,4.6104,0
1.438,	0,0,0,	-4.31749,4.61181,0
1.439,	0,0,0,	-4.32074,4.61322,0
1.44,	0,0,0,	-4.32398,4.61462,0
1.441,	0,0,0,	-4.32722,4.61603,0
1.442,	0,0,0,	-4.33046,4.61743,0
1.443,	0,0,0,	-4.3337,4.61883,0
1.444,	0,0,0,	-4.33694,4.62024,0
1.445,	0,0,0,	-4.34018,4.62164,0
1.446,	0,0,0,	-4.34342,4.62304,0
1.447,	0,0,0,	-4.34666,4.62444,0
1.448,	0,0,0,	-4.34989,4.62584,0
1.449,	0,0,0,	-4.35313,4.62724,0
1.45,	0,0,0,	-4.35637,4.62864,0
1.451,	0,0,0,	-4.3596,4.63003,0
1.452,	0,0,0,	-4.36283,4.63143,0
1.453,	0,0,0,	-4.36607,4.63283,0
1.454,	0,0,0,	-4.3693,4.63422,0
1.455,	0,0,0,	-4.37253,4.63562,0
1.456,	0,0,0,	-4.37576,4.63701,0
1.457,	0,0,0,	-4.379,4.6384,0
1.458,	0,0,0,	-4.38223,4.6398,0
1.459,	0,0,0,	-4.38546,4.64119,0
1.46,	0,0,0,	-4.38868,4.64258,0
1.461,	0,0,0,	-4.39191,4.64397,0
1.462,	0,0,0,	-4.39514,4.64536,0
1.463,	0,0,0,	-4.39837,4.64675,0
1.464,	0,0,0,	-4.40159,4.64814,0
1.465,	0,0,0,	-4.40482,4.64952,0
1.466,	0,0,0,	-4.40804,4.65091,0
1.467,	0,0,0,	-4.41127,4.6523,0
1.468,	0,0,0,	-4.41449,4.65368,0
1.469,	0,0,0,	-4.41772,4.65507,0
1.47,	0,0,0,	-4.42094,4.65645,0
1.471,	0,0,0,	-4.42416,4.65783,0
1.472,	0,0,0,	-4.42738,4.65922,0
1.473,	0,0,0,	-4.4306,4.6606,0
1.474,	0,0,0,	-4.43382,4.66198,0
1.475,	0,0,0,	-4.43704,4.66336,0
1.476,	0,0,0,	-4.44026,4.66474,0
1.477,	0,0,0,	-4.44348,4.66612,0
1.478,	0,0,0,	-4.44669,4.6675,0
1.479,	0,0,0,	-4.44991,4.66888,0
1.48,	0,0,0,	-4.45313,4.67025,0
1.481,	0,0,0,	-4.45634,4.67163,0
1.482,	0,0,0,	-4.45955,4.67301,0
1.483,	0,0,0,	-4.46277,4.67438,0
1.484,	0,0,0,	-4.46598,4.67576,0
1.485,	0,0,0,	-4.46919,4.67713,0
1.486,	0,0,0,	-4.47241,4.6785,0
1.487,	0,0,0,	-4.47562,4.67988,0
1.488,	0,0,0,	-4.47883,4.68125,0
1.489,	0,0,0,	-4.48204,4.68262,0
1.49,	0,0,0,	-4.48525,4.68399,0
1.491,	0,0,0,	-4.48846,4.68536,0
1.492,	0,0,0,	-4.49166,4.68673,0
1.493,	0,0,0,	-4.49487,4.6881,0
1.494,	0,0,0,	-4.49808,4.68946,0
1.495,	0,0,0,	-4.50128,4.69083,0
1.496,	0,0,0,	-4.50449,4.6922,0
1.497,	0,0,0,	-4.50769,4.69356,0
1.498,	0,0,0,	-4.5109,4.69493,0
1.499,	0,0,0,	-4.5141,4.69629,0
1.5,	0,0,0,	-4.5173,4.69765,0
1.501,	0,0,0,	-4.52051,4.69902,0
1.502,	0,0,0,	-4.52371,4.70038,0
1.503,	0,0,0,	-4.52691,4.70174,0
1.504,	0,0,0,	-4.53011,4.7031,0
1.505,	0,0,0,	-4.53331,4.70446,0
1.506,	0,0,0,	-4.53651,4.70582,0
1.507,	0,0,0,	-4.53971,4.70718,0
1.508,	0,0,0,	-4.5429,4.70854,0
1.509,	0,0,0,	-4.5461,4.7099,0
1.51,	0,0,0,	-4.5493,4.71125,0
1.511,	0,0,0,	-4.55249,4.71261,0
1.512,	0,0,0,	-4.55569,4.71397,0
1.513,	0,0,0,	-4.55888,4.71532,0
1.514,	0,0,0,	-4.56208,4.71668,0
1.515,	0,0,0,	-4.56527,4.71803,0
1.516,	0,0,0,	-4.56846,4.71938,0
1.517,	0,0,0,	-4.57165,4.72073,0
1.518,	0,0,0,	-4.57484,4.72209,0
1.519,	0,0,0,	-4.57804,4.72344,0
1.52,	0,0,0,	-4.58123,4.72479,0
1.521,	0,0,0,	-4.58441,4.72614,0
1.522,	0,0,0,	-4.5876,4.72749,0
1.523,	0,0,0,	-4.59079,4.72883,0
1.524,	0,0,0,	-4.59398,4.73018,0
1.525,	0,0,0,	-4.59717,4.73153,0
1.526,	0,0,0,	-4.60035,4.73288,0
1.527,	0,0,0,	-4.60354,4.73422,0
1.528,	0,0,0,	-4.60672,4.73557,0
1.529,	0,0,0,	-4.60991,4.73691,0
1.53,	0,0,0,	-4.61309,4.73826,0
1.531,	0,0,0,	-4.61627,4.7396,0
1.532,	0,0,0,	-4.61946,4.74094,0
1.533,	0,0,0,	-4.62264,4.74228,0
1.534,	0,0,0,	-4.62582,4.74362,0
1.535,	0,0,0,	-4.629,4.74497,0
1.536,	0,0,0,	-4.63218,4.74631,0
1.537,	0,0,0,	-4.63536,4.74764,0
1.538,	0,0,0,	-4.63854,4.74898,0
1.539,	0,0,0,	-4.64172,4.75032,0
1.54,	0,0,0,	-4.64489,4.75166,0
1.541,	0,0,0,	-4.64807,4.753,0
1.542,	0,0,0,	-4.65125,4.75433,0
1.543,	0,0,0,	-4.65442,4.75567,0
1.544,	0,0,0,	-4.6576,4.757,0
1.545,	0,0,0,	-4.66077,4.75834,0
1.546,	0,0,0,	-4.66394,4.75967,0
1.547,	0,0,0,	-4.66712,4.761,0
1.548,	0,0,0,	-4.67029,4.76234,0
1.549,	0,0,0,	-4.67346,4.76367,0
1.55,	0,0,0,	-4.67663,4.765,0
1.551,	0,0,0,	-4.6798,4.76633,0
1.552,	0,0,0,	-4.68297,4.76766,0
1.553,	0,0,0,	-4.68614,4.76899,0
1.554,	0,0,0,	-4.68931,4.77032,0
1.555,	0,0,0,	-4.69248,4.77164,0
1.556,	0,0,0,	-4.69565,4.77297,0
1.557,	0,0,0,	-4.69881,4.7743,0
1.558,	0,0,0,	-4.70198,4.77562,0
1.559,	0,0,0,	-4.70514,4.77695,0
1.56,	0,0,0,	-4.70831,4.77827,0
1.561,	0,0,0,	-4.71147,4.7796,0
1.562,	0,0,0,	-4.71464,4.78092,0
1.563,	0,0,0,	-4.7178,4.78224,0
1.564,	0,0,0,	-4.72096,4.78357,0
1.565,	0,0,0,	-4.72413,4.78489,0
1.566,	0,0,0,	-4.72729,4.78621,0
1.567,	0,0,0,	-4.73045,4.78753,0
1.568,	0,0,0,	-4.73361,4.78885,0
1.569,	0,0,0,	-4.73677,4.79017,0
1.57,	0,0,0,	-4.73993,4.79149,0
1.571,	0,0,0,	-4.74308,4.79281,0
1.572,	0,0,0,	-4.74624,4.79412,0
1.573,	0,0,0,	-4.7494,4.79544,0
1.574,	0,0,0,	-4.75256,4.79676,0
1.575,	0,0,0,	-4.75571,4.79807,0
1.576,	0,0,0,	-4.75887,4.79939,0
1.577,	0,0,0,	-4.76202,4.8007,0
1.578,	0,0,0,	-4.76517,4.80201,0
1.579,	0,0,0,	-4.76833,4.80333,0
1.58,	0,0,0,	-4.77148,4.80464,0
1.581,	0,0,0,	-4.77463,4.80595,0
1.582,	0,0,0,	-4.77778,4.80726,0
1.583,	0,0,0,	-4.78094,4.80857,0
1.584,	0,0,0,	-4.78409,4.80988,0
1.585,	0,0,0,	-4.78724,4.81119,0
1.586,	0,0,0,	-4.79038,4.8125,0
1.587,	0,0,0,	-4.79353,4.81381,0
1.588,	0,0,0,	-4.79668,4.81512,0
1.589,	0,0,0,	-4.79983,4.81642,0
1.59,	0,0,0,	-4.80298,4.81773,0
1.591,	0,0,0,	-4.80612,4.81904,0
1.592,	0,0,0,	-4.80927,4.82034,0
1.593,	0,0,0,	-4.81241,4.82165,0
1.594,	0,0,0,	-4.81556,4.82295,0
1.595,	0,0,0,	-4.8187,4.82425,0
1.596,	0,0,0,	-4.82184,4.82556,0
1.597,	0,0,0,	-4.82499,4.82686,0
1.598,	0,0,0,	-4.82813,4.82816,0
1.599,	0,0,0,	-4.83127,4.82946,0
1.6,	0,0,0,	-4.83441,4.83076,0
1.601,	0,0,0,	-4.83755,4.83206,0
1.602,	0,0,0,	-4.84069,4.83336,0
1.603,	0,0,0,	-4.84383,4.83466,0
1.604,	0,0,0,	-4.84697,4.83596,0
1.605,	0,0,0,	-4.8501,4.83725,0
1.606,	0,0,0,	-4.85324,4.83855,0
1.607,	0,0,0,	-4.85638,4.83985,0
1.608,	0,0,0,	-4.85951,4.84114,0
1.609,	0,0,0,	-4.86265,4.84244,0
1.61,	0,0,0,	-4.86578,4.84373,0
1.611,	0,0,0,	-4.86892,4.84502,0
1.612,	0,0,0,	-4.87205,4.84632,0
1.613,	0,0,0,	-4.87518,4.84761,0
1.614,	0,0,0,	-4.87832,4.8489,0
1.615,	0,0,0,	-4.88145,4.85019,0
1.616,	0,0,0,	-4.88458,4.85148,0
1.617,	0,0,0,	-4.88771,4.85277,0
1.618,	0,0,0,	-4.89084,4.85406,0
1.619,	0,0,0,	-4.89397,4.85535,0
1.62,	0,0,0,	-4.8971,4.85664,0
1.621,	0,0,0,	-4.90023,4.85793,0
1.622,	0,0,0,	-4.90335,4.85922,0
1.623,	0,0,0,	-4.90648,4.8605,0
1.624,	0,0,0,	-4.90961,4.86179,0
1.625,	0,0,0,	-4.91273,4.86308,0
1.626,	0,0,0,	-4.91586,4.86436,0
1.627,	0,0,0,	-4.91898,4.86565,0
1.628,	0,0,0,	-4.92211,4.86693,0
1.629,	0,0,0,	-4.92523,4.86821,0
1.63,	0,0,0,	-4.92835,4.8695,0
1.631,	0,0,0,	-4.93148,4.87078,0
1.632,	0,0,0,	-4.9346,4.87206,0
1.633,	0,0,0,	-4.93772,4.87334,0
1.634,	0,0,0,	-4.94084,4.87462,0
1.635,	0,0,0,	-4.94396,4.8759,0
1.636,	0,0,0,	-4.94708,4.87718,0
1.637,	0,0,0,	-4.9502,4.87846,0
1.638,	0,0,0,	-4.95332,4.87974,0
1.639,	0,0,0,	-4.95643,4.88101,0
1.64,	0,0,0,	-4.95955,4.88229,0
1.641,	0,0,0,	-4.96267,4.88357,0
1.642,	0,0,0,	-4.96578,4.88484,0
1.643,	0,0,0,	-4.9689,4.88612,0
1.644,	0,0,0,	-4.97201,4.88739,0
1.645,	0,0,0,	-4.97513,4.88867,0
1.646,	0,0,0,	-4.97824,4.88994,0
1.647,	0,0,0,	-4.98136,4.89121,0
1.648,	0,0,0,	-4.98447,4.89249,0
1.649,	0,0,0,	-4.98758,4.89376,0
1.65,	0,0,0,	-4.99069,4.89503,0
1.651,	0,0,0,	-4.9938,4.8963,0
1.652,	0,0,0,	-4.99691,4.89757,0
1.653,	0,0,0,	-5.00002,4.89884,0
1.654,	0,0,0,	-5.00313,4.90011,0
1.655,	0,0,0,	-5.00624,4.90138,0
1.656,	0,0,0,	-5.00935,4.90264,0
1.657,	0,0,0,	-5.01245,4.90391,0
1.658,	0,0,0,	-5.01556,4.90518,0
1.659,	0,0,0,	-5.01867,4.90644,0
1.66,	0,0,0,	-5.02177,4.90771,0
1.661,	0,0,0,	-5.02488,4.90897,0
1.662,	0,0,0,	-5.02798,4.91024,0
1.663,	0,0,0,	-5.03109,4.9115,0
1.664,	0,0,0,	-5.03419,4.91277,0
1.665,	0,0,0,	-5.03729,4.91403,0
1.666,	0,0,0,	-5.04039,4.91529,0
1.667,	0,0,0,	-5.0435,4.91655,0
1.668,	0,0,0,	-5.0466,4.91781,0
1.669,	0,0,0,	-5.0497,4.91908,0
1.67,	0,0,0,	-5.0528,4.92034,0
1.671,	0,0,0,	-5.0559,4.92159,0
1.672,	0,0,0,	-5.059,4.92285,0
1.673,	0,0,0,	-5.06209,4.92411,0
1.674,	0,0,0,	-5.06519,4.92537,0
1.675,	0,0,0,	-5.06829,4.92663,0
1.676,	0,0,0,	-5.07138,4.92788,0
1.677,	0,0,0,	-5.07448,4.92914,0
1.678,	0,0,0,	-5.07758,4.9304,0
1.679,	0,0,0,	-5.08067,4.93165,0
1.68,	0,0,0,	-5.08377,4.93291,0
1.681,	0,0,0,	-5.08686,4.93416,0
1.682,	0,0,0,	-5.08995,4.93541,0
1.683,	0,0,0,	-5.09304,4.93667,0
1.684,	0,0,0,	-5.09614,4.93792,0
1.685,	0,0,0,	-5.09923,4.93917,0
1.686,	0,0,0,	-5.10232,4.94042,0
1.687,	0,0,0,	-5.10541,4.94167,0
1.688,	0,0,0,	-5.1085,4.94292,0
1.689,	0,0,0,	-5.11159,4.94417,0
1.69,	0,0,0,	-5.11468,4.94542,0
1.691,	0,0,0,	-5.11776,4.94667,0
1.692,	0,0,0,	-5.12085,4.94792,0
1.693,	0,0,0,	-5.12394,4.94916,0
1.694,	0,0,0,	-5.12702,4.95041,0
1.695,	0,0,0,	-5.13011,4.95166,0
1.696,	0,0,0,	-5.1332,4.9529,0
1.697,	0,0,0,	-5.13628,4.95415,0
1.698,	0,0,0,	-5.13936,4.95539,0
1.699,	0,0,0,	-5.14245,4.95664,0
1.7,	0,0,0,	-5.14553,4.95788,0
1.701,	0,0,0,	-5.14861,4.95912,0
1.702,	0,0,0,	-5.1517,4.96037,0
1.703,	0,0,0,	-5.15478,4.96161,0
1.704,	0,0,0,	-5.15786,4.96285,0
1.705,	0,0,0,	-5.16094,4.96409,0
1.706,	0,0,0,	-5.16402,4.96533,0
1.707,	0,0,0,	-5.1671,4.96657,0
1.708,	0,0,0,	-5.17018,4.96781,0
1.709,	0,0,0,	-5.17325,4.96905,0
1.71,	0,0,0,	-5.17633,4.97029,0
1.711,	0,0,0,	-5.17941,4.97153,0
1.712,	0,0,0,	-5.18248,4.97276,0
1.713,	0,0,0,	-5.18556,4.974,0
1.714,	0,0,0,	-5.18863,4.97524,0
1.715,	0,0,0,	-5.19171,4.97647,0
1.716,	0,0,0,	-5.19478,4.97771,0
1.717,	0,0,0,	-5.19786,4.97894,0
1.718,	0,0,0,	-5.20093,4.98018,0
1.719,	0,0,0,	-5.204,4.98141,0
1.72,	0,0,0,	-5.20707,4.98264,0
1.721,	0,0,0,	-5.21015,4.98388,0
1.722,	0,0,0,	-5.21322,4.98511,0
1.723,	0,0,0,	-5.21629,4.98634,0
1.724,	0,0,0,	-5.21936,4.98757,0
1.725,	0,0,0,	-5.22243,4.9888,0
1.726,	0,0,0,	-5.22549,4.99003,0
1.727,	0,0,0,	-5.22856,4.99126,0
1.728,	0,0,0,	-5.23163,4.99249,0
1.729,	0,0,0,	-5.2347,4.99372,0
1.73,	0,0,0,	-5.23776,4.99495,0
1.731,	0,0,0,	-5.24083,4.99617,0
1.732,	0,0,0,	-5.2439,4.9974,0
1.733,	0,0,0,	-5.24696,4.99863,0
1.734,	0,0,0,	-5.25002,4.99985,0
1.735,	0,0,0,	-5.25309,5.00108,0
1.736,	0,0,0,	-5.25615,5.0023,0
1.737,	0,0,0,	-5.25921,5.00353,0
1.738,	0,0,0,	-5.26228,5.00475,0
1.739,	0,0,0,	-5.26534,5.00597,0
1.74,	0,0,0,	-5.2684,5.00719,0
1.741,	0,0,0,	-5.27146,5.00842,0
1.742,	0,0,0,	-5.27452,5.00964,0
1.743,	0,0,0,	-5.27758,5.01086,0
1.744,	0,0,0,	-5.28064,5.01208,0
1.745,	0,0,0,	-5.2837,5.0133,0
1.746,	0,0,0,	-5.28675,5.01452,0
1.747,	0,0,0,	-5.28981,5.01574,0
1.748,	0,0,0,	-5.29287,5.01696,0
1.749,	0,0,0,	-5.29592,5.01818,0
1.75,	0,0,0,	-5.29898,5.01939,0
1.751,	0,0,0,	-5.30203,5.02061,0
1.752,	0,0,0,	-5.30509,5.02183,0
1.753,	0,0,0,	-5.30814,5.02304,0
1.754,	0,0,0,	-5.3112,5.02426,0
1.755,	0,0,0,	-5.31425,5.02547,0
1.756,	0,0,0,	-5.3173,5.02669,0
1.757,	0,0,0,	-5.32035,5.0279,0
1.758,	0,0,0,	-5.3234,5.02912,0
1.759,	0,0,0,	-5.32646,5.03033,0
1.76,	0,0,0,	-5.32951,5.03154,0
1.761,	0,0,0,	-5.33256,5.03275,0
1.762,	0,0,0,	-5.3356,5.03396,0
1.763,	0,0,0,	-5.33865,5.03517,0
1.764,	0,0,0,	-5.3417,5.03639,0
1.765,	0,0,0,	-5.34475,5.0376,0
1.766,	0,0,0,	-5.3478,5.0388,0
1.767,	0,0,0,	-5.35084,5.04001,0
1.768,	0,0,0,	-5.35389,5.04122,0
1.769,	0,0,0,	-5.35693,5.04243,0
1.77,	0,0,0,	-5.35998,5.04364,0
1.771,	0,0,0,	-5.36302,5.04484,0
1.772,	0,0,0,	-5.36607,5.04605,0
1.773,	0,0,0,	-5.36911,5.04726,0
1.774,	0,0,0,	-5.37215,5.04846,0
1.775,	0,0,0,	-5.3752,5.04967,0
1.776,	0,0,0,	-5.37824,5.05087,0
1.777,	0,0,0,	-5.38128,5.05208,0
1.778,	0,0,0,	-5.38432,5.05328,0
1.779,	0,0,0,	-5.38736,5.05448,0
1.78,	0,0,0,	-5.3904,5.05568,0
1.781,	0,0,0,	-5.39344,5.05689,0
1.782,	0,0,0,	-5.39648,5.05809,0
1.783,	0,0,0,	-5.39951,5.05929,0
1.784,	0,0,0,	-5.40255,5.06049,0
1.785,	0,0,0,	-5.40559,5.06169,0
1.786,	0,0,0,	-5.40863,5.06289,0
1.787,	0,0,0,	-5.41166,5.06409,0
1.788,	0,0,0,	-5.4147,5.06529,0
1.789,	0,0,0,	-5.41773,5.06648,0
1.79,	0,0,0,	-5.42077,5.06768,0
1.791,	0,0,0,	-5.4238,5.06888,0
1.792,	0,0,0,	-5.42683,5.07008,0
1.793,	0,0,0,	-5.42987,5.07127,0
1.794,	0,0,0,	-5.4329,5.07247,0
1.795,	0,0,0,	-5.43593,5.07366,0
1.796,	0,0,0,	-5.43896,5.07486,0
1.797,	0,0,0,	-5.44199,5.07605,0
1.798,	0,0,0,	-5.44502,5.07724,0
1.799,	0,0,0,	-5.44805,5.07844,0
1.8,	0,0,0,	-5.45108,5.07963,0
1.801,	0,0,0,	-5.45411,5.08082,0
1.802,	0,0,0,	-5.45714,5.08201,0
1.803,	0,0,0,	-5.46017,5.08321,0
1.804,	0,0,0,	-5.46319,5.0844,0
1.805,	0,0,0,	-5.46622,5.08559,0
1.806,	0,0,0,	-5.46925,5.08678,0
1.807,	0,0,0,	-5.47227,5.08797,0
1.808,	0,0,0,	-5.4753,5.08915,0
1.809,	0,0,0,	-5.47832,5.09034,0
1.81,	0,0,0,	-5.48134,5.09153,0
1.811,	0,0,0,	-5.48437,5.09272,0
1.812,	0,0,0,	-5.48739,5.0939,0
1.813,	0,0,0,	-5.49041,5.09509,0
1.814,	0,0,0,	-5.49343,5.09628,0
1.815,	0,0,0,	-5.49646,5.09746,0
1.816,	0,0,0,	-5.49948,5.09865,0
1.817,	0,0,0,	-5.5025,5.09983,0
1.818,	0,0,0,	-5.50552,5.10102,0
1.819,	0,0,0,	-5.50854,5.1022,0
1.82,	0,0,0,	-5.51156,5.10338,0
1.821,	0,0,0,	-5.51457,5.10456,0
1.822,	0,0,0,	-5.51759,5.10575,0
1.823,	0,0,0,	-5.52061,5.10693,0
1.824,	0,0,0,	-5.52363,5.10811,0
1.825,	0,0,0,	-5.52664,5.10929,0
1.826,	0,0,0,	-5.52966,5.11047,0
1.827,	0,0,0,	-5.53267,5.11165,0
1.828,	0,0,0,	-5.53569,5.11283,0
1.829,	0,0,0,	-5.5387,5.11401,0
1.83,	0,0,0,	-5.54172,5.11519,0
1.831,	0,0,0,	-5.54473,5.11636,0
1.832,	0,0,0,	-5.54774,5.11754,0
1.833,	0,0,0,	-5.55075,5.11872,0
1.834,	0,0,0,	-5.55377,5.1199,0
1.835,	0,0,0,	-5.55678,5.12107,0
1.836,	0,0,0,	-5.55979,5.12225,0
1.837,	0,0,0,	-5.5628,5.12342,0
1.838,	0,0,0,	-5.56581,5.1246,0
1.839,	0,0,0,	-5.56882,5.12577,0
1.84,	0,0,0,	-5.57182,5.12694,0
1.841,	0,0,0,	-5.57483,5.12812,0
1.842,	0,0,0,	-5.57784,5.12929,0
1.843,	0,0,0,	-5.58085,5.13046,0
1.844,	0,0,0,	-5.58385,5.13163,0
1.845,	0,0,0,	-5.58686,5.13281,0
1.846,	0,0,0,	-5.58987,5.13398,0
1.847,	0,0,0,	-5.59287,5.13515,0
1.848,	0,0,0,	-5.59588,5.13632,0
1.849,	0,0,0,	-5.59888,5.13749,0
1.85,	0,0,0,	-5.60188,5.13865,0
1.851,	0,0,0,	-5.60489,5.13982,0
1.852,	0,0,0,	-5.60789,5.14099,0
1.853,	0,0,0,	-5.61089,5.14216,0
1.854,	0,0,0,	-5.61389,5.14333,0
1.855,	0,0,0,	-5.61689,5.14449,0
1.856,	0,0,0,	-5.61989,5.14566,0
1.857,	0,0,0,	-5.62289,5.14682,0
1.858,	0,0,0,	-5.62589,5.14799,0
1.859,	0,0,0,	-5.62889,5.14916,0
1.86,	0,0,0,	-5.63189,5.15032,0
1.861,	0,0,0,	-5.63489,5.15148,0
1.862,	0,0,0,	-5.63789,5.15265,0
1.863,	0,0,0,	-5.64088,5.15381,0
1.864,	0,0,0,	-5.64388,5.15497,0
1.865,	0,0,0,	-5.64688,5.15613,0
1.866,	0,0,0,	-5.64987,5.1573,0
1.867,	0,0,0,	-5.65287,5.15846,0
1.868,	0,0,0,	-5.65586,5.15962,0
1.869,	0,0,0,	-5.65886,5.16078,0
1.87,	0,0,0,	-5.66185,5.16194,0
1.871,	0,0,0,	-5.66484,5.1631,0
1.872,	0,0,0,	-5.66783,5.16426,0
1.873,	0,0,0,	-5.67083,5.16542,0
1.874,	0,0,0,	-5.67382,5.16657,0
1.875,	0,0,0,	-5.67681,5.16773,0
1.876,	0,0,0,	-5.6798,5.16889,0
1.877,	0,0,0,	-5.68279,5.17004,0
1.878,	0,0,0,	-5.68578,5.1712,0
1.879,	0,0,0,	-5.68877,5.17236,0
1.88,	0,0,0,	-5.69176,5.17351,0
1.881,	0,0,0,	-5.69475,5.17467,0
1.882,	0,0,0,	-5.69773,5.17582,0
1.883,	0,0,0,	-5.70072,5.17698,0
1.884,	0,0,0,	-5.70371,5.17813,0
1.885,	0,0,0,	-5.70669,5.17928,0
1.886,	0,0,0,	-5.70968,5.18043,0
1.887,	0,0,0,	-5.71266,5.18159,0
1.888,	0,0,0,	-5.71565,5.18274,0
1.889,	0,0,0,	-5.71863,5.18389,0
1.89,	0,0,0,	-5.72162,5.18504,0
1.891,	0,0,0,	-5.7246,5.18619,0
1.892,	0,0,0,	-5.72758,5.18734,0
1.893,	0,0,0,	-5.73056,5.18849,0
1.894,	0,0,0,	-5.73355,5.18964,0
1.895,	0,0,0,	-5.73653,5.19079,0
1.896,	0,0,0,	-5.73951,5.19194,0
1.897,	0,0,0,	-5.74249,5.19308,0
1.898,	0,0,0,	-5.74547,5.19423,0
1.899,	0,0,0,	-5.74845,5.19538,0
1.9,	0,0,0,	-5.75143,5.19652,0
1.901,	0,0,0,	-5.7544,5.19767,0
1.902,	0,0,0,	-5.75738,5.19882,0
1.903,	0,0,0,	-5.76036,5.19996,0
1.904,	0,0,0,	-5.76334,5.20111,0
1.905,	0,0,0,	-5.76631,5.20225,0
1.906,	0,0,0,	-5.76929,5.20339,0
1.907,	0,0,0,	-5.77226,5.20454,0
1.908,	0,0,0,	-5.77524,5.20568,0
1.909,	0,0,0,	-5.77821,5.20682,0
1.91,	0,0,0,	-5.78119,5.20796,0
1.911,	0,0,0,	-5.78416,5.20911,0
1.912,	0,0,0,	-5.78713,5.21025,0
1.913,	0,0,0,	-5.79011,5.21139,0
1.914,	0,0,0,	-5.79308,5.21253,0
1.915,	0,0,0,	-5.79605,5.21367,0
1.916,	0,0,0,	-5.79902,5.21481,0
1.917,	0,0,0,	-5.80199,5.21595,0
1.918,	0,0,0,	-5.80496,5.21709,0
1.919,	0,0,0,	-5.80793,5.21822,0
1.92,	0,0,0,	-5.8109,5.21936,0
1.921,	0,0,0,	-5.81387,5.2205,0
1.922,	0,0,0,	-5.81684,5.22164,0
1.923,	0,0,0,	-5.8198,5.22277,0
1.924,	0,0,0,	-5.82277,5.22391,0
1.925,	0,0,0,	-5.82574,5.22504,0
1.926,	0,0,0,	-5.8287,5.22618,0
1.927,	0,0,0,	-5.83167,5.22731,0
1.928,	0,0,0,	-5.83463,5.22845,0
1.929,	0,0,0,	-5.8376,5.22958,0
1.93,	0,0,0,	-5.84056,5.23071,0
1.931,	0,0,0,	-5.84353,5.23185,0
1.932,	0,0,0,	-5.84649,5.23298,0
1.933,	0,0,0,	-5.84945,5.23411,0
1.934,	0,0,0,	-5.85242,5.23524,0
1.935,	0,0,0,	-5.85538,5.23638,0
1.936,	0,0,0,	-5.85834,5.23751,0
1.937,	0,0,0,	-5.8613,5.23864,0
1.938,	0,0,0,	-5.86426,5.23977,0
1.939,	0,0,0,	-5.86722,5.2409,0
1.94,	0,0,0,	-5.87018,5.24203,0
1.941,	0,0,0,	-5.87314,5.24315,0
1.942,	0,0,0,	-5.8761,5.24428,0
1.943,	0,0,0,	-5.87906,5.24541,0
1.944,	0,0,0,	-5.88201,5.24654,0
1.945,	0,0,0,	-5.88497,5.24766,0
1.946,	0,0,0,	-5.88793,5.24879,0
1.947,	0,0,0,	-5.89088,5.24992,0
1.948,	0,0,0,	-5.89384,5.25104,0
1.949,	0,0,0,	-5.89679,5.25217,0
1.95,	0,0,0,	-5.89975,5.25329,0
1.951,	0,0,0,	-5.9027,5.25442,0
1.952,	0,0,0,	-5.90566,5.25554,0
1.953,	0,0,0,	-5.90861,5.25667,0
1.954,	0,0,0,	-5.91156,5.25779,0
1.955,	0,0,0,	-5.91452,5.25891,0
1.956,	0,0,0,	-5.91747,5.26003,0
1.957,	0,0,0,	-5.92042,5.26116,0
1.958,	0,0,0,	-5.92337,5.26228,0
1.959,	0,0,0,	-5.92632,5.2634,0
1.96,	0,0,0,	-5.92927,5.26452,0
1.961,	0,0,0,	-5.93222,5.26564,0
1.962,	0,0,0,	-5.93517,5.26676,0
1.963,	0,0,0,	-5.93812,5.26788,0
1.964,	0,0,0,	-5.94107,5.269,0
1.965,	0,0,0,	-5.94401,5.27012,0
1.966,	0,0,0,	-5.94696,5.27123,0
1.967,	0,0,0,	-5.94991,5.27235,0
1.968,	0,0,0,	-5.95285,5.27347,0
1.969,	0,0,0,	-5.9558,5.27459,0
1.97,	0,0,0,	-5.95875,5.2757,0
1.971,	0,0,0,	-5.96169,5.27682,0
1.972,	0,0,0,	-5.96464,5.27793,0
1.973,	0,0,0,	-5.96758,5.27905,0
1.974,	0,0,0,	-5.97052,5.28017,0
1.975,	0,0,0,	-5.97347,5.28128,0
1.976,	0,0,0,	-5.97641,5.28239,0
1.977,	0,0,0,	-5.97935,5.28351,0
1.978,	0,0,0,	-5.98229,5.28462,0
1.979,	0,0,0,	-5.98523,5.28573,0
1.98,	0,0,0,	-5.98817,5.28685,0
1.981,	0,0,0,	-5.99111,5.28796,0
1.982,	0,0,0,	-5.99405,5.28907,0
1.983,	0,0,0,	-5.99699,5.29018,0
1.984,	0,0,0,	-5.99993,5.29129,0
1.985,	0,0,0,	-6.00287,5.2924,0
1.986,	0,0,0,	-6.00581,5.29351,0
1.987,	0,0,0,	-6.00875,5.29462,0
1.988,	0,0,0,	-6.01168,5.29573,0
1.989,	0,0,0,	-6.01462,5.29684,0
1.99,	0,0,0,	-6.01756,5.29795,0
1.991,	0,0,0,	-6.02049,5.29906,0
1.992,	0,0,0,	-6.02343,5.30016,0
1.993,	0,0,0,	-6.02636,5.30127,0
1.994,	0,0,0,	-6.0293,5.30238,0
1.995,	0,0,0,	-6.03223,5.30348,0
1.996,	0,0,0,	-6.03516,5.30459,0
1.997,	0,0,0,	-6.0381,5.3057,0
1.998,	0,0,0,	-6.04103,5.3068,0
1.999,	0,0,0,	-6.04396,5.3079,0
2,	0,0,0,	-6.04689,5.30901,0
