Simulation of solar system over 1 years, with 1000 iterations, using verlet´s method.
Time 	sun	 	jupiter	 	earth	 	
0,	0,0,0,	-5.2,0,0,	0.99998,0.00628,0
0.001,	0,0,0,	-5.2,3.12082e-15,0,	0.999921,0.0125598,0
0.002,	0,0,0,	-5.19999,1.24833e-14,0,	0.999822,0.018839,0
0.003,	0,0,0,	-5.19999,3.12084e-14,0,	0.999684,0.0251175,0
0.004,	0,0,0,	-5.19998,6.24172e-14,0,	0.999506,0.031395,0
0.005,	0,0,0,	-5.19997,1.09231e-13,0,	0.999289,0.0376713,0
0.006,	0,0,0,	-5.19996,1.7477e-13,0,	0.999033,0.0439461,0
0.007,	0,0,0,	-5.19995,2.62157e-13,0,	0.998737,0.0502192,0
0.008,	0,0,0,	-5.19994,3.74514e-13,0,	0.998401,0.0564903,0
0.009,	0,0,0,	-5.19993,5.14962e-13,0,	0.998026,0.0627591,0
0.01,	0,0,0,	-5.19991,6.86623e-13,0,	0.997612,0.0690255,0
0.011,	0,0,0,	-5.19989,8.92621e-13,0,	0.997158,0.0752891,0
0.012,	0,0,0,	-5.19988,1.13608e-12,0,	0.996665,0.0815498,0
0.013,	0,0,0,	-5.19986,1.42012e-12,0,	0.996133,0.0878072,0
0.014,	0,0,0,	-5.19984,1.74786e-12,0,	0.995561,0.0940612,0
0.015,	0,0,0,	-5.19981,2.12244e-12,0,	0.99495,0.100311,0
0.016,	0,0,0,	-5.19979,2.54697e-12,0,	0.994299,0.106558,0
0.017,	0,0,0,	-5.19976,3.02458e-12,0,	0.99361,0.1128,0
0.018,	0,0,0,	-5.19974,3.5584e-12,0,	0.992881,0.119038,0
0.019,	0,0,0,	-5.19971,4.15155e-12,0,	0.992113,0.125271,0
0.02,	0,0,0,	-5.19968,4.80716e-12,0,	0.991305,0.131499,0
0.021,	0,0,0,	-5.19965,5.52836e-12,0,	0.990459,0.137721,0
0.022,	0,0,0,	-5.19961,6.31828e-12,0,	0.989573,0.143939,0
0.023,	0,0,0,	-5.19958,7.18003e-12,0,	0.988649,0.15015,0
0.024,	0,0,0,	-5.19954,8.11677e-12,0,	0.987685,0.156356,0
0.025,	0,0,0,	-5.19951,9.13161e-12,0,	0.986682,0.162556,0
0.026,	0,0,0,	-5.19947,1.02277e-11,0,	0.985641,0.168749,0
0.027,	0,0,0,	-5.19943,1.14081e-11,0,	0.98456,0.174935,0
0.028,	0,0,0,	-5.19939,1.26761e-11,0,	0.983441,0.181115,0
0.029,	0,0,0,	-5.19934,1.40346e-11,0,	0.982283,0.187287,0
0.03,	0,0,0,	-5.1993,1.5487e-11,0,	0.981086,0.193453,0
0.031,	0,0,0,	-5.19925,1.70363e-11,0,	0.97985,0.19961,0
0.032,	0,0,0,	-5.1992,1.86856e-11,0,	0.978575,0.205759,0
0.033,	0,0,0,	-5.19916,2.0438e-11,0,	0.977262,0.211901,0
0.034,	0,0,0,	-5.19911,2.22968e-11,0,	0.97591,0.218034,0
0.035,	0,0,0,	-5.19905,2.42651e-11,0,	0.97452,0.224158,0
0.036,	0,0,0,	-5.199,2.6346e-11,0,	0.973091,0.230274,0
0.037,	0,0,0,	-5.19895,2.85426e-11,0,	0.971624,0.23638,0
0.038,	0,0,0,	-5.19889,3.08581e-11,0,	0.970119,0.242478,0
0.039,	0,0,0,	-5.19883,3.32956e-11,0,	0.968575,0.248565,0
0.04,	0,0,0,	-5.19877,3.58583e-11,0,	0.966993,0.254643,0
0.041,	0,0,0,	-5.19871,3.85493e-11,0,	0.965372,0.260711,0
0.042,	0,0,0,	-5.19865,4.13718e-11,0,	0.963714,0.266768,0
0.043,	0,0,0,	-5.19859,4.43289e-11,0,	0.962017,0.272815,0
0.044,	0,0,0,	-5.19852,4.74238e-11,0,	0.960283,0.278851,0
0.045,	0,0,0,	-5.19846,5.06596e-11,0,	0.95851,0.284876,0
0.046,	0,0,0,	-5.19839,5.40395e-11,0,	0.9567,0.29089,0
0.047,	0,0,0,	-5.19832,5.75666e-11,0,	0.954852,0.296893,0
0.048,	0,0,0,	-5.19825,6.12441e-11,0,	0.952966,0.302883,0
0.049,	0,0,0,	-5.19817,6.50752e-11,0,	0.951043,0.308862,0
0.05,	0,0,0,	-5.1981,6.9063e-11,0,	0.949082,0.314828,0
0.051,	0,0,0,	-5.19803,7.32106e-11,0,	0.947083,0.320782,0
0.052,	0,0,0,	-5.19795,7.75213e-11,0,	0.945047,0.326724,0
0.053,	0,0,0,	-5.19787,8.19982e-11,0,	0.942974,0.332652,0
0.054,	0,0,0,	-5.19779,8.66444e-11,0,	0.940864,0.338568,0
0.055,	0,0,0,	-5.19771,9.14632e-11,0,	0.938716,0.34447,0
0.056,	0,0,0,	-5.19763,9.64577e-11,0,	0.936531,0.350358,0
0.057,	0,0,0,	-5.19754,1.01631e-10,0,	0.93431,0.356233,0
0.058,	0,0,0,	-5.19746,1.06986e-10,0,	0.932051,0.362093,0
0.059,	0,0,0,	-5.19737,1.12527e-10,0,	0.929756,0.367939,0
0.06,	0,0,0,	-5.19728,1.18256e-10,0,	0.927424,0.373771,0
0.061,	0,0,0,	-5.19719,1.24177e-10,0,	0.925055,0.379588,0
0.062,	0,0,0,	-5.1971,1.30292e-10,0,	0.92265,0.38539,0
0.063,	0,0,0,	-5.19701,1.36605e-10,0,	0.920208,0.391176,0
0.064,	0,0,0,	-5.19692,1.4312e-10,0,	0.91773,0.396948,0
0.065,	0,0,0,	-5.19682,1.49838e-10,0,	0.915215,0.402703,0
0.066,	0,0,0,	-5.19672,1.56764e-10,0,	0.912665,0.408443,0
0.067,	0,0,0,	-5.19662,1.63901e-10,0,	0.910078,0.414166,0
0.068,	0,0,0,	-5.19652,1.71252e-10,0,	0.907456,0.419874,0
0.069,	0,0,0,	-5.19642,1.7882e-10,0,	0.904798,0.425564,0
0.07,	0,0,0,	-5.19632,1.86608e-10,0,	0.902103,0.431238,0
0.071,	0,0,0,	-5.19621,1.94619e-10,0,	0.899374,0.436895,0
0.072,	0,0,0,	-5.19611,2.02857e-10,0,	0.896609,0.442534,0
0.073,	0,0,0,	-5.196,2.11325e-10,0,	0.893808,0.448156,0
0.074,	0,0,0,	-5.19589,2.20027e-10,0,	0.890972,0.45376,0
0.075,	0,0,0,	-5.19578,2.28964e-10,0,	0.888101,0.459347,0
0.076,	0,0,0,	-5.19567,2.38141e-10,0,	0.885194,0.464915,0
0.077,	0,0,0,	-5.19556,2.4756e-10,0,	0.882253,0.470465,0
0.078,	0,0,0,	-5.19544,2.57226e-10,0,	0.879277,0.475996,0
0.079,	0,0,0,	-5.19533,2.6714e-10,0,	0.876266,0.481509,0
0.08,	0,0,0,	-5.19521,2.77307e-10,0,	0.873221,0.487002,0
0.081,	0,0,0,	-5.19509,2.87729e-10,0,	0.870141,0.492477,0
0.082,	0,0,0,	-5.19497,2.98411e-10,0,	0.867027,0.497931,0
0.083,	0,0,0,	-5.19485,3.09354e-10,0,	0.863878,0.503366,0
0.084,	0,0,0,	-5.19472,3.20562e-10,0,	0.860695,0.508782,0
0.085,	0,0,0,	-5.1946,3.32039e-10,0,	0.857478,0.514177,0
0.086,	0,0,0,	-5.19447,3.43787e-10,0,	0.854228,0.519552,0
0.087,	0,0,0,	-5.19434,3.55811e-10,0,	0.850944,0.524906,0
0.088,	0,0,0,	-5.19422,3.68112e-10,0,	0.847626,0.53024,0
0.089,	0,0,0,	-5.19408,3.80695e-10,0,	0.844274,0.535552,0
0.09,	0,0,0,	-5.19395,3.93563e-10,0,	0.840889,0.540844,0
0.091,	0,0,0,	-5.19382,4.06718e-10,0,	0.837471,0.546114,0
0.092,	0,0,0,	-5.19368,4.20164e-10,0,	0.83402,0.551362,0
0.093,	0,0,0,	-5.19355,4.33905e-10,0,	0.830536,0.556589,0
0.094,	0,0,0,	-5.19341,4.47944e-10,0,	0.827019,0.561794,0
0.095,	0,0,0,	-5.19327,4.62283e-10,0,	0.823469,0.566976,0
0.096,	0,0,0,	-5.19313,4.76926e-10,0,	0.819887,0.572137,0
0.097,	0,0,0,	-5.19299,4.91877e-10,0,	0.816273,0.577274,0
0.098,	0,0,0,	-5.19284,5.07138e-10,0,	0.812626,0.582389,0
0.099,	0,0,0,	-5.1927,5.22713e-10,0,	0.808947,0.587481,0
0.1,	0,0,0,	-5.19255,5.38606e-10,0,	0.805236,0.592549,0
0.101,	0,0,0,	-5.1924,5.54819e-10,0,	0.801493,0.597594,0
0.102,	0,0,0,	-5.19225,5.71355e-10,0,	0.797719,0.602616,0
0.103,	0,0,0,	-5.1921,5.88218e-10,0,	0.793913,0.607614,0
0.104,	0,0,0,	-5.19195,6.05412e-10,0,	0.790076,0.612587,0
0.105,	0,0,0,	-5.19179,6.22939e-10,0,	0.786207,0.617537,0
0.106,	0,0,0,	-5.19164,6.40803e-10,0,	0.782308,0.622462,0
0.107,	0,0,0,	-5.19148,6.59007e-10,0,	0.778377,0.627363,0
0.108,	0,0,0,	-5.19132,6.77554e-10,0,	0.774416,0.632238,0
0.109,	0,0,0,	-5.19116,6.96448e-10,0,	0.770424,0.637089,0
0.11,	0,0,0,	-5.191,7.15692e-10,0,	0.766402,0.641915,0
0.111,	0,0,0,	-5.19084,7.35288e-10,0,	0.762349,0.646715,0
0.112,	0,0,0,	-5.19067,7.55242e-10,0,	0.758266,0.651489,0
0.113,	0,0,0,	-5.19051,7.75555e-10,0,	0.754154,0.656238,0
0.114,	0,0,0,	-5.19034,7.96231e-10,0,	0.750011,0.660961,0
0.115,	0,0,0,	-5.19017,8.17274e-10,0,	0.745839,0.665658,0
0.116,	0,0,0,	-5.19,8.38687e-10,0,	0.741637,0.670329,0
0.117,	0,0,0,	-5.18983,8.60472e-10,0,	0.737406,0.674973,0
0.118,	0,0,0,	-5.18966,8.82634e-10,0,	0.733146,0.67959,0
0.119,	0,0,0,	-5.18948,9.05175e-10,0,	0.728857,0.684181,0
0.12,	0,0,0,	-5.1893,9.28099e-10,0,	0.724539,0.688744,0
0.121,	0,0,0,	-5.18913,9.5141e-10,0,	0.720193,0.69328,0
0.122,	0,0,0,	-5.18895,9.7511e-10,0,	0.715817,0.697789,0
0.123,	0,0,0,	-5.18877,9.99203e-10,0,	0.711414,0.702271,0
0.124,	0,0,0,	-5.18859,1.02369e-09,0,	0.706983,0.706724,0
0.125,	0,0,0,	-5.1884,1.04858e-09,0,	0.702523,0.71115,0
0.126,	0,0,0,	-5.18822,1.07387e-09,0,	0.698036,0.715547,0
0.127,	0,0,0,	-5.18803,1.09957e-09,0,	0.693521,0.719917,0
0.128,	0,0,0,	-5.18784,1.12568e-09,0,	0.688979,0.724257,0
0.129,	0,0,0,	-5.18765,1.1522e-09,0,	0.68441,0.728569,0
0.13,	0,0,0,	-5.18746,1.17913e-09,0,	0.679813,0.732853,0
0.131,	0,0,0,	-5.18727,1.20649e-09,0,	0.67519,0.737107,0
0.132,	0,0,0,	-5.18708,1.23427e-09,0,	0.67054,0.741332,0
0.133,	0,0,0,	-5.18688,1.26247e-09,0,	0.665863,0.745528,0
0.134,	0,0,0,	-5.18668,1.29111e-09,0,	0.66116,0.749695,0
0.135,	0,0,0,	-5.18649,1.32017e-09,0,	0.656431,0.753832,0
0.136,	0,0,0,	-5.18629,1.34968e-09,0,	0.651676,0.757939,0
0.137,	0,0,0,	-5.18609,1.37962e-09,0,	0.646895,0.762016,0
0.138,	0,0,0,	-5.18588,1.41001e-09,0,	0.642089,0.766063,0
0.139,	0,0,0,	-5.18568,1.44084e-09,0,	0.637257,0.770079,0
0.14,	0,0,0,	-5.18547,1.47212e-09,0,	0.6324,0.774066,0
0.141,	0,0,0,	-5.18527,1.50386e-09,0,	0.627518,0.778021,0
0.142,	0,0,0,	-5.18506,1.53605e-09,0,	0.622611,0.781946,0
0.143,	0,0,0,	-5.18485,1.5687e-09,0,	0.61768,0.78584,0
0.144,	0,0,0,	-5.18464,1.60181e-09,0,	0.612724,0.789703,0
0.145,	0,0,0,	-5.18442,1.63539e-09,0,	0.607744,0.793535,0
0.146,	0,0,0,	-5.18421,1.66945e-09,0,	0.60274,0.797335,0
0.147,	0,0,0,	-5.18399,1.70397e-09,0,	0.597712,0.801104,0
0.148,	0,0,0,	-5.18378,1.73897e-09,0,	0.59266,0.804841,0
0.149,	0,0,0,	-5.18356,1.77445e-09,0,	0.587585,0.808546,0
0.15,	0,0,0,	-5.18334,1.81041e-09,0,	0.582487,0.812219,0
0.151,	0,0,0,	-5.18312,1.84687e-09,0,	0.577365,0.81586,0
0.152,	0,0,0,	-5.18289,1.88381e-09,0,	0.572221,0.819469,0
0.153,	0,0,0,	-5.18267,1.92124e-09,0,	0.567054,0.823046,0
0.154,	0,0,0,	-5.18244,1.95917e-09,0,	0.561865,0.82659,0
0.155,	0,0,0,	-5.18221,1.9976e-09,0,	0.556653,0.830101,0
0.156,	0,0,0,	-5.18199,2.03654e-09,0,	0.55142,0.83358,0
0.157,	0,0,0,	-5.18175,2.07598e-09,0,	0.546165,0.837025,0
0.158,	0,0,0,	-5.18152,2.11594e-09,0,	0.540888,0.840437,0
0.159,	0,0,0,	-5.18129,2.1564e-09,0,	0.535589,0.843817,0
0.16,	0,0,0,	-5.18105,2.19739e-09,0,	0.53027,0.847162,0
0.161,	0,0,0,	-5.18082,2.23889e-09,0,	0.524929,0.850475,0
0.162,	0,0,0,	-5.18058,2.28092e-09,0,	0.519568,0.853753,0
0.163,	0,0,0,	-5.18034,2.32348e-09,0,	0.514186,0.856998,0
0.164,	0,0,0,	-5.1801,2.36656e-09,0,	0.508784,0.860209,0
0.165,	0,0,0,	-5.17986,2.41018e-09,0,	0.503362,0.863386,0
0.166,	0,0,0,	-5.17961,2.45434e-09,0,	0.497919,0.866529,0
0.167,	0,0,0,	-5.17937,2.49904e-09,0,	0.492457,0.869638,0
0.168,	0,0,0,	-5.17912,2.54429e-09,0,	0.486976,0.872712,0
0.169,	0,0,0,	-5.17887,2.59008e-09,0,	0.481475,0.875751,0
0.17,	0,0,0,	-5.17862,2.63642e-09,0,	0.475956,0.878756,0
0.171,	0,0,0,	-5.17837,2.68332e-09,0,	0.470417,0.881727,0
0.172,	0,0,0,	-5.17812,2.73078e-09,0,	0.46486,0.884662,0
0.173,	0,0,0,	-5.17787,2.77879e-09,0,	0.459284,0.887562,0
0.174,	0,0,0,	-5.17761,2.82738e-09,0,	0.45369,0.890428,0
0.175,	0,0,0,	-5.17735,2.87653e-09,0,	0.448079,0.893258,0
0.176,	0,0,0,	-5.1771,2.92625e-09,0,	0.442449,0.896052,0
0.177,	0,0,0,	-5.17684,2.97655e-09,0,	0.436802,0.898812,0
0.178,	0,0,0,	-5.17657,3.02742e-09,0,	0.431138,0.901535,0
0.179,	0,0,0,	-5.17631,3.07888e-09,0,	0.425457,0.904223,0
0.18,	0,0,0,	-5.17605,3.13092e-09,0,	0.419758,0.906875,0
0.181,	0,0,0,	-5.17578,3.18355e-09,0,	0.414044,0.909492,0
0.182,	0,0,0,	-5.17551,3.23678e-09,0,	0.408312,0.912072,0
0.183,	0,0,0,	-5.17525,3.2906e-09,0,	0.402565,0.914617,0
0.184,	0,0,0,	-5.17498,3.34502e-09,0,	0.396802,0.917125,0
0.185,	0,0,0,	-5.1747,3.40004e-09,0,	0.391023,0.919597,0
0.186,	0,0,0,	-5.17443,3.45566e-09,0,	0.385228,0.922032,0
0.187,	0,0,0,	-5.17416,3.5119e-09,0,	0.379418,0.924431,0
0.188,	0,0,0,	-5.17388,3.56875e-09,0,	0.373594,0.926793,0
0.189,	0,0,0,	-5.1736,3.62621e-09,0,	0.367754,0.929119,0
0.19,	0,0,0,	-5.17332,3.68429e-09,0,	0.3619,0.931408,0
0.191,	0,0,0,	-5.17304,3.743e-09,0,	0.356032,0.93366,0
0.192,	0,0,0,	-5.17276,3.80233e-09,0,	0.350149,0.935875,0
0.193,	0,0,0,	-5.17248,3.86229e-09,0,	0.344253,0.938053,0
0.194,	0,0,0,	-5.17219,3.92289e-09,0,	0.338342,0.940194,0
0.195,	0,0,0,	-5.17191,3.98412e-09,0,	0.332419,0.942298,0
0.196,	0,0,0,	-5.17162,4.04599e-09,0,	0.326482,0.944365,0
0.197,	0,0,0,	-5.17133,4.1085e-09,0,	0.320533,0.946394,0
0.198,	0,0,0,	-5.17104,4.17166e-09,0,	0.314571,0.948386,0
0.199,	0,0,0,	-5.17075,4.23547e-09,0,	0.308596,0.95034,0
0.2,	0,0,0,	-5.17045,4.29994e-09,0,	0.302609,0.952256,0
0.201,	0,0,0,	-5.17016,4.36506e-09,0,	0.29661,0.954135,0
0.202,	0,0,0,	-5.16986,4.43084e-09,0,	0.290599,0.955976,0
0.203,	0,0,0,	-5.16956,4.49728e-09,0,	0.284577,0.957779,0
0.204,	0,0,0,	-5.16926,4.56439e-09,0,	0.278544,0.959545,0
0.205,	0,0,0,	-5.16896,4.63217e-09,0,	0.272499,0.961272,0
0.206,	0,0,0,	-5.16866,4.70062e-09,0,	0.266444,0.962961,0
0.207,	0,0,0,	-5.16835,4.76975e-09,0,	0.260378,0.964613,0
0.208,	0,0,0,	-5.16805,4.83956e-09,0,	0.254302,0.966226,0
0.209,	0,0,0,	-5.16774,4.91006e-09,0,	0.248216,0.9678,0
0.21,	0,0,0,	-5.16743,4.98124e-09,0,	0.242119,0.969337,0
0.211,	0,0,0,	-5.16712,5.05311e-09,0,	0.236014,0.970835,0
0.212,	0,0,0,	-5.16681,5.12567e-09,0,	0.229899,0.972294,0
0.213,	0,0,0,	-5.1665,5.19893e-09,0,	0.223775,0.973716,0
0.214,	0,0,0,	-5.16618,5.27289e-09,0,	0.217642,0.975098,0
0.215,	0,0,0,	-5.16587,5.34756e-09,0,	0.2115,0.976442,0
0.216,	0,0,0,	-5.16555,5.42293e-09,0,	0.20535,0.977748,0
0.217,	0,0,0,	-5.16523,5.49901e-09,0,	0.199192,0.979014,0
0.218,	0,0,0,	-5.16491,5.57581e-09,0,	0.193026,0.980242,0
0.219,	0,0,0,	-5.16459,5.65332e-09,0,	0.186852,0.981431,0
0.22,	0,0,0,	-5.16426,5.73156e-09,0,	0.180671,0.982581,0
0.221,	0,0,0,	-5.16394,5.81051e-09,0,	0.174482,0.983693,0
0.222,	0,0,0,	-5.16361,5.89019e-09,0,	0.168287,0.984765,0
0.223,	0,0,0,	-5.16328,5.97061e-09,0,	0.162085,0.985798,0
0.224,	0,0,0,	-5.16296,6.05175e-09,0,	0.155877,0.986793,0
0.225,	0,0,0,	-5.16262,6.13364e-09,0,	0.149662,0.987748,0
0.226,	0,0,0,	-5.16229,6.21626e-09,0,	0.143442,0.988664,0
0.227,	0,0,0,	-5.16196,6.29962e-09,0,	0.137216,0.989541,0
0.228,	0,0,0,	-5.16162,6.38374e-09,0,	0.130984,0.990379,0
0.229,	0,0,0,	-5.16129,6.4686e-09,0,	0.124747,0.991178,0
0.23,	0,0,0,	-5.16095,6.55421e-09,0,	0.118506,0.991937,0
0.231,	0,0,0,	-5.16061,6.64058e-09,0,	0.112259,0.992657,0
0.232,	0,0,0,	-5.16027,6.72771e-09,0,	0.106008,0.993338,0
0.233,	0,0,0,	-5.15993,6.8156e-09,0,	0.0997533,0.993979,0
0.234,	0,0,0,	-5.15958,6.90426e-09,0,	0.0934942,0.994581,0
0.235,	0,0,0,	-5.15924,6.99368e-09,0,	0.0872314,0.995144,0
0.236,	0,0,0,	-5.15889,7.08388e-09,0,	0.0809651,0.995667,0
0.237,	0,0,0,	-5.15854,7.17486e-09,0,	0.0746956,0.996151,0
0.238,	0,0,0,	-5.15819,7.26661e-09,0,	0.0684232,0.996595,0
0.239,	0,0,0,	-5.15784,7.35914e-09,0,	0.062148,0.997,0
0.24,	0,0,0,	-5.15748,7.45246e-09,0,	0.0558703,0.997366,0
0.241,	0,0,0,	-5.15713,7.54656e-09,0,	0.0495905,0.997692,0
0.242,	0,0,0,	-5.15677,7.64146e-09,0,	0.0433086,0.997978,0
0.243,	0,0,0,	-5.15642,7.73715e-09,0,	0.037025,0.998225,0
0.244,	0,0,0,	-5.15606,7.83364e-09,0,	0.0307399,0.998432,0
0.245,	0,0,0,	-5.1557,7.93092e-09,0,	0.0244537,0.9986,0
0.246,	0,0,0,	-5.15534,8.02902e-09,0,	0.0181664,0.998728,0
0.247,	0,0,0,	-5.15497,8.12791e-09,0,	0.0118784,0.998817,0
0.248,	0,0,0,	-5.15461,8.22762e-09,0,	0.00558987,0.998866,0
0.249,	0,0,0,	-5.15424,8.32814e-09,0,	-0.000698858,0.998876,0
0.25,	0,0,0,	-5.15387,8.42947e-09,0,	-0.00698757,0.998845,0
0.251,	0,0,0,	-5.1535,8.53162e-09,0,	-0.013276,0.998776,0
0.252,	0,0,0,	-5.15313,8.6346e-09,0,	-0.019564,0.998667,0
0.253,	0,0,0,	-5.15276,8.7384e-09,0,	-0.0258511,0.998518,0
0.254,	0,0,0,	-5.15239,8.84302e-09,0,	-0.0321373,0.99833,0
0.255,	0,0,0,	-5.15201,8.94848e-09,0,	-0.0384222,0.998102,0
0.256,	0,0,0,	-5.15163,9.05477e-09,0,	-0.0447056,0.997834,0
0.257,	0,0,0,	-5.15126,9.16189e-09,0,	-0.0509872,0.997527,0
0.258,	0,0,0,	-5.15088,9.26986e-09,0,	-0.0572669,0.997181,0
0.259,	0,0,0,	-5.15049,9.37866e-09,0,	-0.0635443,0.996795,0
0.26,	0,0,0,	-5.15011,9.48831e-09,0,	-0.0698191,0.996369,0
0.261,	0,0,0,	-5.14973,9.59881e-09,0,	-0.0760913,0.995905,0
0.262,	0,0,0,	-5.14934,9.71016e-09,0,	-0.0823604,0.9954,0
0.263,	0,0,0,	-5.14895,9.82237e-09,0,	-0.0886263,0.994856,0
0.264,	0,0,0,	-5.14857,9.93543e-09,0,	-0.0948886,0.994273,0
0.265,	0,0,0,	-5.14818,1.00493e-08,0,	-0.101147,0.99365,0
0.266,	0,0,0,	-5.14778,1.01641e-08,0,	-0.107402,0.992988,0
0.267,	0,0,0,	-5.14739,1.02798e-08,0,	-0.113652,0.992287,0
0.268,	0,0,0,	-5.147,1.03963e-08,0,	-0.119898,0.991546,0
0.269,	0,0,0,	-5.1466,1.05137e-08,0,	-0.126139,0.990766,0
0.27,	0,0,0,	-5.1462,1.06319e-08,0,	-0.132376,0.989947,0
0.271,	0,0,0,	-5.1458,1.0751e-08,0,	-0.138606,0.989089,0
0.272,	0,0,0,	-5.1454,1.08711e-08,0,	-0.144832,0.988191,0
0.273,	0,0,0,	-5.145,1.09919e-08,0,	-0.151052,0.987254,0
0.274,	0,0,0,	-5.1446,1.11137e-08,0,	-0.157265,0.986278,0
0.275,	0,0,0,	-5.14419,1.12364e-08,0,	-0.163473,0.985263,0
0.276,	0,0,0,	-5.14378,1.13599e-08,0,	-0.169674,0.984209,0
0.277,	0,0,0,	-5.14338,1.14843e-08,0,	-0.175869,0.983116,0
0.278,	0,0,0,	-5.14297,1.16097e-08,0,	-0.182056,0.981984,0
0.279,	0,0,0,	-5.14256,1.17359e-08,0,	-0.188236,0.980813,0
0.28,	0,0,0,	-5.14214,1.1863e-08,0,	-0.194409,0.979603,0
0.281,	0,0,0,	-5.14173,1.1991e-08,0,	-0.200574,0.978354,0
0.282,	0,0,0,	-5.14131,1.212e-08,0,	-0.206731,0.977067,0
0.283,	0,0,0,	-5.1409,1.22498e-08,0,	-0.21288,0.97574,0
0.284,	0,0,0,	-5.14048,1.23806e-08,0,	-0.219021,0.974375,0
0.285,	0,0,0,	-5.14006,1.25122e-08,0,	-0.225153,0.972972,0
0.286,	0,0,0,	-5.13964,1.26448e-08,0,	-0.231276,0.97153,0
0.287,	0,0,0,	-5.13921,1.27782e-08,0,	-0.237389,0.970049,0
0.288,	0,0,0,	-5.13879,1.29126e-08,0,	-0.243494,0.96853,0
0.289,	0,0,0,	-5.13836,1.3048e-08,0,	-0.249589,0.966973,0
0.29,	0,0,0,	-5.13794,1.31842e-08,0,	-0.255674,0.965377,0
0.291,	0,0,0,	-5.13751,1.33214e-08,0,	-0.261748,0.963743,0
0.292,	0,0,0,	-5.13708,1.34594e-08,0,	-0.267813,0.962071,0
0.293,	0,0,0,	-5.13664,1.35984e-08,0,	-0.273867,0.960361,0
0.294,	0,0,0,	-5.13621,1.37384e-08,0,	-0.27991,0.958612,0
0.295,	0,0,0,	-5.13578,1.38793e-08,0,	-0.285942,0.956826,0
0.296,	0,0,0,	-5.13534,1.40211e-08,0,	-0.291962,0.955001,0
0.297,	0,0,0,	-5.1349,1.41638e-08,0,	-0.297971,0.953139,0
0.298,	0,0,0,	-5.13446,1.43075e-08,0,	-0.303968,0.951239,0
0.299,	0,0,0,	-5.13402,1.44521e-08,0,	-0.309954,0.949301,0
0.3,	0,0,0,	-5.13358,1.45977e-08,0,	-0.315927,0.947326,0
0.301,	0,0,0,	-5.13313,1.47442e-08,0,	-0.321887,0.945313,0
0.302,	0,0,0,	-5.13269,1.48917e-08,0,	-0.327835,0.943263,0
0.303,	0,0,0,	-5.13224,1.50401e-08,0,	-0.333769,0.941175,0
0.304,	0,0,0,	-5.13179,1.51894e-08,0,	-0.339691,0.93905,0
0.305,	0,0,0,	-5.13134,1.53397e-08,0,	-0.345599,0.936887,0
0.306,	0,0,0,	-5.13089,1.5491e-08,0,	-0.351493,0.934688,0
0.307,	0,0,0,	-5.13044,1.56432e-08,0,	-0.357374,0.932451,0
0.308,	0,0,0,	-5.12998,1.57963e-08,0,	-0.36324,0.930178,0
0.309,	0,0,0,	-5.12953,1.59505e-08,0,	-0.369092,0.927868,0
0.31,	0,0,0,	-5.12907,1.61055e-08,0,	-0.374929,0.92552,0
0.311,	0,0,0,	-5.12861,1.62616e-08,0,	-0.380752,0.923136,0
0.312,	0,0,0,	-5.12815,1.64186e-08,0,	-0.386559,0.920716,0
0.313,	0,0,0,	-5.12769,1.65765e-08,0,	-0.392351,0.918259,0
0.314,	0,0,0,	-5.12723,1.67355e-08,0,	-0.398127,0.915766,0
0.315,	0,0,0,	-5.12676,1.68954e-08,0,	-0.403888,0.913236,0
0.316,	0,0,0,	-5.12629,1.70562e-08,0,	-0.409633,0.91067,0
0.317,	0,0,0,	-5.12583,1.72181e-08,0,	-0.415361,0.908068,0
0.318,	0,0,0,	-5.12536,1.73809e-08,0,	-0.421073,0.90543,0
0.319,	0,0,0,	-5.12489,1.75446e-08,0,	-0.426769,0.902756,0
0.32,	0,0,0,	-5.12441,1.77094e-08,0,	-0.432447,0.900046,0
0.321,	0,0,0,	-5.12394,1.78751e-08,0,	-0.438109,0.897301,0
0.322,	0,0,0,	-5.12346,1.80418e-08,0,	-0.443753,0.89452,0
0.323,	0,0,0,	-5.12299,1.82094e-08,0,	-0.449379,0.891703,0
0.324,	0,0,0,	-5.12251,1.8378e-08,0,	-0.454988,0.888851,0
0.325,	0,0,0,	-5.12203,1.85477e-08,0,	-0.460578,0.885964,0
0.326,	0,0,0,	-5.12155,1.87182e-08,0,	-0.46615,0.883042,0
0.327,	0,0,0,	-5.12106,1.88898e-08,0,	-0.471704,0.880085,0
0.328,	0,0,0,	-5.12058,1.90623e-08,0,	-0.477239,0.877093,0
0.329,	0,0,0,	-5.12009,1.92359e-08,0,	-0.482756,0.874066,0
0.33,	0,0,0,	-5.11961,1.94104e-08,0,	-0.488253,0.871004,0
0.331,	0,0,0,	-5.11912,1.95859e-08,0,	-0.493731,0.867908,0
0.332,	0,0,0,	-5.11863,1.97623e-08,0,	-0.499189,0.864777,0
0.333,	0,0,0,	-5.11813,1.99398e-08,0,	-0.504627,0.861612,0
0.334,	0,0,0,	-5.11764,2.01182e-08,0,	-0.510046,0.858413,0
0.335,	0,0,0,	-5.11715,2.02976e-08,0,	-0.515444,0.85518,0
0.336,	0,0,0,	-5.11665,2.0478e-08,0,	-0.520822,0.851913,0
0.337,	0,0,0,	-5.11615,2.06593e-08,0,	-0.526179,0.848613,0
0.338,	0,0,0,	-5.11565,2.08417e-08,0,	-0.531515,0.845278,0
0.339,	0,0,0,	-5.11515,2.1025e-08,0,	-0.536831,0.84191,0
0.34,	0,0,0,	-5.11465,2.12093e-08,0,	-0.542125,0.838509,0
0.341,	0,0,0,	-5.11414,2.13946e-08,0,	-0.547397,0.835074,0
0.342,	0,0,0,	-5.11364,2.15809e-08,0,	-0.552648,0.831606,0
0.343,	0,0,0,	-5.11313,2.17682e-08,0,	-0.557877,0.828106,0
0.344,	0,0,0,	-5.11262,2.19564e-08,0,	-0.563084,0.824572,0
0.345,	0,0,0,	-5.11211,2.21456e-08,0,	-0.568268,0.821006,0
0.346,	0,0,0,	-5.1116,2.23358e-08,0,	-0.57343,0.817407,0
0.347,	0,0,0,	-5.11109,2.2527e-08,0,	-0.578569,0.813776,0
0.348,	0,0,0,	-5.11057,2.27192e-08,0,	-0.583686,0.810112,0
0.349,	0,0,0,	-5.11006,2.29123e-08,0,	-0.588779,0.806417,0
0.35,	0,0,0,	-5.10954,2.31065e-08,0,	-0.593849,0.802689,0
0.351,	0,0,0,	-5.10902,2.33016e-08,0,	-0.598895,0.79893,0
0.352,	0,0,0,	-5.1085,2.34977e-08,0,	-0.603918,0.795138,0
0.353,	0,0,0,	-5.10798,2.36947e-08,0,	-0.608916,0.791316,0
0.354,	0,0,0,	-5.10745,2.38928e-08,0,	-0.613891,0.787462,0
0.355,	0,0,0,	-5.10693,2.40918e-08,0,	-0.618841,0.783576,0
0.356,	0,0,0,	-5.1064,2.42918e-08,0,	-0.623767,0.77966,0
0.357,	0,0,0,	-5.10587,2.44927e-08,0,	-0.628668,0.775713,0
0.358,	0,0,0,	-5.10534,2.46946e-08,0,	-0.633544,0.771735,0
0.359,	0,0,0,	-5.10481,2.48975e-08,0,	-0.638395,0.767726,0
0.36,	0,0,0,	-5.10428,2.51014e-08,0,	-0.64322,0.763687,0
0.361,	0,0,0,	-5.10374,2.53062e-08,0,	-0.648021,0.759617,0
0.362,	0,0,0,	-5.10321,2.55121e-08,0,	-0.652795,0.755518,0
0.363,	0,0,0,	-5.10267,2.57188e-08,0,	-0.657544,0.751388,0
0.364,	0,0,0,	-5.10213,2.59266e-08,0,	-0.662266,0.747229,0
0.365,	0,0,0,	-5.10159,2.61353e-08,0,	-0.666962,0.74304,0
0.366,	0,0,0,	-5.10105,2.63449e-08,0,	-0.671632,0.738821,0
0.367,	0,0,0,	-5.1005,2.65555e-08,0,	-0.676276,0.734574,0
0.368,	0,0,0,	-5.09996,2.67671e-08,0,	-0.680892,0.730297,0
0.369,	0,0,0,	-5.09941,2.69796e-08,0,	-0.685481,0.725991,0
0.37,	0,0,0,	-5.09887,2.71931e-08,0,	-0.690044,0.721656,0
0.371,	0,0,0,	-5.09832,2.74075e-08,0,	-0.694579,0.717293,0
0.372,	0,0,0,	-5.09776,2.76229e-08,0,	-0.699086,0.712901,0
0.373,	0,0,0,	-5.09721,2.78392e-08,0,	-0.703566,0.708481,0
0.374,	0,0,0,	-5.09666,2.80565e-08,0,	-0.708018,0.704033,0
0.375,	0,0,0,	-5.0961,2.82747e-08,0,	-0.712441,0.699557,0
0.376,	0,0,0,	-5.09555,2.84938e-08,0,	-0.716837,0.695053,0
0.377,	0,0,0,	-5.09499,2.87139e-08,0,	-0.721204,0.690522,0
0.378,	0,0,0,	-5.09443,2.89349e-08,0,	-0.725542,0.685963,0
0.379,	0,0,0,	-5.09386,2.91569e-08,0,	-0.729852,0.681377,0
0.38,	0,0,0,	-5.0933,2.93798e-08,0,	-0.734133,0.676764,0
0.381,	0,0,0,	-5.09274,2.96036e-08,0,	-0.738385,0.672125,0
0.382,	0,0,0,	-5.09217,2.98283e-08,0,	-0.742607,0.667458,0
0.383,	0,0,0,	-5.0916,3.00539e-08,0,	-0.7468,0.662765,0
0.384,	0,0,0,	-5.09103,3.02805e-08,0,	-0.750964,0.658046,0
0.385,	0,0,0,	-5.09046,3.0508e-08,0,	-0.755097,0.653301,0
0.386,	0,0,0,	-5.08989,3.07363e-08,0,	-0.759201,0.64853,0
0.387,	0,0,0,	-5.08932,3.09656e-08,0,	-0.763275,0.643733,0
0.388,	0,0,0,	-5.08874,3.11958e-08,0,	-0.767318,0.63891,0
0.389,	0,0,0,	-5.08816,3.14269e-08,0,	-0.771331,0.634062,0
0.39,	0,0,0,	-5.08759,3.16589e-08,0,	-0.775314,0.629189,0
0.391,	0,0,0,	-5.08701,3.18917e-08,0,	-0.779265,0.624291,0
0.392,	0,0,0,	-5.08642,3.21255e-08,0,	-0.783186,0.619369,0
0.393,	0,0,0,	-5.08584,3.23601e-08,0,	-0.787076,0.614421,0
0.394,	0,0,0,	-5.08526,3.25956e-08,0,	-0.790935,0.60945,0
0.395,	0,0,0,	-5.08467,3.2832e-08,0,	-0.794762,0.604454,0
0.396,	0,0,0,	-5.08408,3.30693e-08,0,	-0.798558,0.599434,0
0.397,	0,0,0,	-5.08349,3.33074e-08,0,	-0.802322,0.594391,0
0.398,	0,0,0,	-5.0829,3.35464e-08,0,	-0.806054,0.589324,0
0.399,	0,0,0,	-5.08231,3.37863e-08,0,	-0.809754,0.584233,0
0.4,	0,0,0,	-5.08172,3.4027e-08,0,	-0.813423,0.579119,0
0.401,	0,0,0,	-5.08112,3.42685e-08,0,	-0.817059,0.573983,0
0.402,	0,0,0,	-5.08052,3.45109e-08,0,	-0.820662,0.568823,0
0.403,	0,0,0,	-5.07993,3.47541e-08,0,	-0.824234,0.563641,0
0.404,	0,0,0,	-5.07933,3.49982e-08,0,	-0.827772,0.558437,0
0.405,	0,0,0,	-5.07873,3.52431e-08,0,	-0.831278,0.553211,0
0.406,	0,0,0,	-5.07812,3.54888e-08,0,	-0.83475,0.547962,0
0.407,	0,0,0,	-5.07752,3.57353e-08,0,	-0.83819,0.542692,0
0.408,	0,0,0,	-5.07691,3.59827e-08,0,	-0.841597,0.5374,0
0.409,	0,0,0,	-5.0763,3.62308e-08,0,	-0.84497,0.532088,0
0.41,	0,0,0,	-5.0757,3.64798e-08,0,	-0.848309,0.526753,0
0.411,	0,0,0,	-5.07508,3.67295e-08,0,	-0.851615,0.521399,0
0.412,	0,0,0,	-5.07447,3.69801e-08,0,	-0.854887,0.516023,0
0.413,	0,0,0,	-5.07386,3.72314e-08,0,	-0.858126,0.510627,0
0.414,	0,0,0,	-5.07324,3.74835e-08,0,	-0.86133,0.50521,0
0.415,	0,0,0,	-5.07263,3.77364e-08,0,	-0.8645,0.499774,0
0.416,	0,0,0,	-5.07201,3.799e-08,0,	-0.867636,0.494318,0
0.417,	0,0,0,	-5.07139,3.82444e-08,0,	-0.870738,0.488842,0
0.418,	0,0,0,	-5.07077,3.84996e-08,0,	-0.873805,0.483347,0
0.419,	0,0,0,	-5.07014,3.87555e-08,0,	-0.876837,0.477833,0
0.42,	0,0,0,	-5.06952,3.90121e-08,0,	-0.879835,0.472299,0
0.421,	0,0,0,	-5.06889,3.92695e-08,0,	-0.882798,0.466747,0
0.422,	0,0,0,	-5.06827,3.95276e-08,0,	-0.885726,0.461177,0
0.423,	0,0,0,	-5.06764,3.97864e-08,0,	-0.888619,0.455588,0
0.424,	0,0,0,	-5.06701,4.0046e-08,0,	-0.891476,0.449981,0
0.425,	0,0,0,	-5.06638,4.03062e-08,0,	-0.894299,0.444356,0
0.426,	0,0,0,	-5.06574,4.05672e-08,0,	-0.897085,0.438714,0
0.427,	0,0,0,	-5.06511,4.08288e-08,0,	-0.899837,0.433054,0
0.428,	0,0,0,	-5.06447,4.10912e-08,0,	-0.902552,0.427378,0
0.429,	0,0,0,	-5.06383,4.13542e-08,0,	-0.905232,0.421684,0
0.43,	0,0,0,	-5.06319,4.16178e-08,0,	-0.907876,0.415973,0
0.431,	0,0,0,	-5.06255,4.18822e-08,0,	-0.910484,0.410246,0
0.432,	0,0,0,	-5.06191,4.21472e-08,0,	-0.913056,0.404503,0
0.433,	0,0,0,	-5.06126,4.24128e-08,0,	-0.915592,0.398743,0
0.434,	0,0,0,	-5.06062,4.26791e-08,0,	-0.918092,0.392968,0
0.435,	0,0,0,	-5.05997,4.2946e-08,0,	-0.920555,0.387178,0
0.436,	0,0,0,	-5.05932,4.32136e-08,0,	-0.922981,0.381372,0
0.437,	0,0,0,	-5.05867,4.34818e-08,0,	-0.925372,0.37555,0
0.438,	0,0,0,	-5.05802,4.37505e-08,0,	-0.927725,0.369714,0
0.439,	0,0,0,	-5.05737,4.40199e-08,0,	-0.930042,0.363864,0
0.44,	0,0,0,	-5.05671,4.42899e-08,0,	-0.932322,0.357998,0
0.441,	0,0,0,	-5.05605,4.45604e-08,0,	-0.934565,0.352119,0
0.442,	0,0,0,	-5.05539,4.48315e-08,0,	-0.936771,0.346226,0
0.443,	0,0,0,	-5.05474,4.51032e-08,0,	-0.938939,0.340319,0
0.444,	0,0,0,	-5.05407,4.53755e-08,0,	-0.941071,0.334398,0
0.445,	0,0,0,	-5.05341,4.56483e-08,0,	-0.943165,0.328464,0
0.446,	0,0,0,	-5.05275,4.59216e-08,0,	-0.945223,0.322518,0
0.447,	0,0,0,	-5.05208,4.61955e-08,0,	-0.947242,0.316558,0
0.448,	0,0,0,	-5.05141,4.64699e-08,0,	-0.949224,0.310586,0
0.449,	0,0,0,	-5.05074,4.67448e-08,0,	-0.951169,0.304601,0
0.45,	0,0,0,	-5.05007,4.70202e-08,0,	-0.953075,0.298605,0
0.451,	0,0,0,	-5.0494,4.72961e-08,0,	-0.954945,0.292597,0
0.452,	0,0,0,	-5.04873,4.75725e-08,0,	-0.956776,0.286577,0
0.453,	0,0,0,	-5.04805,4.78494e-08,0,	-0.958569,0.280545,0
0.454,	0,0,0,	-5.04738,4.81267e-08,0,	-0.960325,0.274503,0
0.455,	0,0,0,	-5.0467,4.84045e-08,0,	-0.962042,0.26845,0
0.456,	0,0,0,	-5.04602,4.86828e-08,0,	-0.963721,0.262386,0
0.457,	0,0,0,	-5.04534,4.89615e-08,0,	-0.965362,0.256311,0
0.458,	0,0,0,	-5.04465,4.92406e-08,0,	-0.966965,0.250227,0
0.459,	0,0,0,	-5.04397,4.95201e-08,0,	-0.96853,0.244133,0
0.46,	0,0,0,	-5.04328,4.98001e-08,0,	-0.970056,0.238028,0
0.461,	0,0,0,	-5.04259,5.00804e-08,0,	-0.971544,0.231915,0
0.462,	0,0,0,	-5.0419,5.03612e-08,0,	-0.972993,0.225792,0
0.463,	0,0,0,	-5.04121,5.06423e-08,0,	-0.974404,0.219661,0
0.464,	0,0,0,	-5.04052,5.09238e-08,0,	-0.975776,0.21352,0
0.465,	0,0,0,	-5.03983,5.12056e-08,0,	-0.97711,0.207372,0
0.466,	0,0,0,	-5.03913,5.14878e-08,0,	-0.978405,0.201215,0
0.467,	0,0,0,	-5.03844,5.17703e-08,0,	-0.979661,0.19505,0
0.468,	0,0,0,	-5.03774,5.20532e-08,0,	-0.980879,0.188877,0
0.469,	0,0,0,	-5.03704,5.23364e-08,0,	-0.982057,0.182697,0
0.47,	0,0,0,	-5.03633,5.26199e-08,0,	-0.983197,0.176509,0
0.471,	0,0,0,	-5.03563,5.29036e-08,0,	-0.984298,0.170315,0
0.472,	0,0,0,	-5.03493,5.31877e-08,0,	-0.98536,0.164114,0
0.473,	0,0,0,	-5.03422,5.34721e-08,0,	-0.986383,0.157906,0
0.474,	0,0,0,	-5.03351,5.37567e-08,0,	-0.987366,0.151692,0
0.475,	0,0,0,	-5.0328,5.40415e-08,0,	-0.988311,0.145472,0
0.476,	0,0,0,	-5.03209,5.43266e-08,0,	-0.989217,0.139246,0
0.477,	0,0,0,	-5.03138,5.4612e-08,0,	-0.990083,0.133015,0
0.478,	0,0,0,	-5.03067,5.48975e-08,0,	-0.990911,0.126779,0
0.479,	0,0,0,	-5.02995,5.51833e-08,0,	-0.991699,0.120537,0
0.48,	0,0,0,	-5.02923,5.54693e-08,0,	-0.992447,0.114291,0
0.481,	0,0,0,	-5.02851,5.57554e-08,0,	-0.993157,0.10804,0
0.482,	0,0,0,	-5.02779,5.60418e-08,0,	-0.993827,0.101785,0
0.483,	0,0,0,	-5.02707,5.63283e-08,0,	-0.994458,0.0955259,0
0.484,	0,0,0,	-5.02635,5.66149e-08,0,	-0.99505,0.0892631,0
0.485,	0,0,0,	-5.02562,5.69017e-08,0,	-0.995602,0.0829966,0
0.486,	0,0,0,	-5.0249,5.71887e-08,0,	-0.996115,0.0767269,0
0.487,	0,0,0,	-5.02417,5.74757e-08,0,	-0.996588,0.0704542,0
0.488,	0,0,0,	-5.02344,5.77629e-08,0,	-0.997022,0.0641786,0
0.489,	0,0,0,	-5.02271,5.80501e-08,0,	-0.997417,0.0579006,0
0.49,	0,0,0,	-5.02197,5.83375e-08,0,	-0.997772,0.0516202,0
0.491,	0,0,0,	-5.02124,5.86249e-08,0,	-0.998087,0.0453378,0
0.492,	0,0,0,	-5.0205,5.89124e-08,0,	-0.998363,0.0390536,0
0.493,	0,0,0,	-5.01977,5.91999e-08,0,	-0.9986,0.0327678,0
0.494,	0,0,0,	-5.01903,5.94875e-08,0,	-0.998797,0.0264808,0
0.495,	0,0,0,	-5.01829,5.97751e-08,0,	-0.998955,0.0201926,0
0.496,	0,0,0,	-5.01754,6.00628e-08,0,	-0.999073,0.0139037,0
0.497,	0,0,0,	-5.0168,6.03504e-08,0,	-0.999151,0.0076143,0
0.498,	0,0,0,	-5.01605,6.0638e-08,0,	-0.99919,0.00132454,0
0.499,	0,0,0,	-5.01531,6.09257e-08,0,	-0.99919,-0.00496526,0
0.5,	0,0,0,	-5.01456,6.12132e-08,0,	-0.99915,-0.0112549,0
0.501,	0,0,0,	-5.01381,6.15008e-08,0,	-0.99907,-0.017544,0
0.502,	0,0,0,	-5.01306,6.17883e-08,0,	-0.998951,-0.0238325,0
0.503,	0,0,0,	-5.0123,6.20757e-08,0,	-0.998793,-0.03012,0
0.504,	0,0,0,	-5.01155,6.23631e-08,0,	-0.998595,-0.0364064,0
0.505,	0,0,0,	-5.01079,6.26504e-08,0,	-0.998357,-0.0426913,0
0.506,	0,0,0,	-5.01003,6.29375e-08,0,	-0.99808,-0.0489745,0
0.507,	0,0,0,	-5.00928,6.32246e-08,0,	-0.997764,-0.0552557,0
0.508,	0,0,0,	-5.00851,6.35115e-08,0,	-0.997408,-0.0615348,0
0.509,	0,0,0,	-5.00775,6.37983e-08,0,	-0.997013,-0.0678114,0
0.51,	0,0,0,	-5.00699,6.4085e-08,0,	-0.996578,-0.0740854,0
0.511,	0,0,0,	-5.00622,6.43715e-08,0,	-0.996104,-0.0803564,0
0.512,	0,0,0,	-5.00545,6.46579e-08,0,	-0.99559,-0.0866243,0
0.513,	0,0,0,	-5.00468,6.4944e-08,0,	-0.995037,-0.0928887,0
0.514,	0,0,0,	-5.00391,6.523e-08,0,	-0.994445,-0.0991495,0
0.515,	0,0,0,	-5.00314,6.55158e-08,0,	-0.993814,-0.105406,0
0.516,	0,0,0,	-5.00237,6.58013e-08,0,	-0.993143,-0.111659,0
0.517,	0,0,0,	-5.00159,6.60867e-08,0,	-0.992433,-0.117907,0
0.518,	0,0,0,	-5.00082,6.63717e-08,0,	-0.991684,-0.124151,0
0.519,	0,0,0,	-5.00004,6.66566e-08,0,	-0.990895,-0.130389,0
0.52,	0,0,0,	-4.99926,6.69412e-08,0,	-0.990067,-0.136623,0
0.521,	0,0,0,	-4.99848,6.72255e-08,0,	-0.989201,-0.142851,0
0.522,	0,0,0,	-4.99769,6.75095e-08,0,	-0.988295,-0.149074,0
0.523,	0,0,0,	-4.99691,6.77932e-08,0,	-0.98735,-0.15529,0
0.524,	0,0,0,	-4.99612,6.80767e-08,0,	-0.986366,-0.1615,0
0.525,	0,0,0,	-4.99533,6.83598e-08,0,	-0.985343,-0.167705,0
0.526,	0,0,0,	-4.99454,6.86426e-08,0,	-0.984281,-0.173902,0
0.527,	0,0,0,	-4.99375,6.8925e-08,0,	-0.98318,-0.180092,0
0.528,	0,0,0,	-4.99296,6.92071e-08,0,	-0.982041,-0.186276,0
0.529,	0,0,0,	-4.99217,6.94888e-08,0,	-0.980862,-0.192452,0
0.53,	0,0,0,	-4.99137,6.97702e-08,0,	-0.979645,-0.19862,0
0.531,	0,0,0,	-4.99057,7.00511e-08,0,	-0.97839,-0.204781,0
0.532,	0,0,0,	-4.98977,7.03317e-08,0,	-0.977095,-0.210933,0
0.533,	0,0,0,	-4.98897,7.06119e-08,0,	-0.975762,-0.217078,0
0.534,	0,0,0,	-4.98817,7.08916e-08,0,	-0.97439,-0.223213,0
0.535,	0,0,0,	-4.98737,7.11709e-08,0,	-0.97298,-0.22934,0
0.536,	0,0,0,	-4.98656,7.14498e-08,0,	-0.971532,-0.235458,0
0.537,	0,0,0,	-4.98575,7.17282e-08,0,	-0.970045,-0.241566,0
0.538,	0,0,0,	-4.98495,7.20062e-08,0,	-0.96852,-0.247665,0
0.539,	0,0,0,	-4.98414,7.22837e-08,0,	-0.966956,-0.253754,0
0.54,	0,0,0,	-4.98332,7.25607e-08,0,	-0.965354,-0.259833,0
0.541,	0,0,0,	-4.98251,7.28372e-08,0,	-0.963715,-0.265902,0
0.542,	0,0,0,	-4.9817,7.31132e-08,0,	-0.962037,-0.27196,0
0.543,	0,0,0,	-4.98088,7.33887e-08,0,	-0.960321,-0.278007,0
0.544,	0,0,0,	-4.98006,7.36637e-08,0,	-0.958567,-0.284044,0
0.545,	0,0,0,	-4.97924,7.39381e-08,0,	-0.956776,-0.290069,0
0.546,	0,0,0,	-4.97842,7.4212e-08,0,	-0.954946,-0.296083,0
0.547,	0,0,0,	-4.9776,7.44853e-08,0,	-0.953079,-0.302085,0
0.548,	0,0,0,	-4.97677,7.4758e-08,0,	-0.951175,-0.308075,0
0.549,	0,0,0,	-4.97595,7.50302e-08,0,	-0.949232,-0.314053,0
0.55,	0,0,0,	-4.97512,7.53018e-08,0,	-0.947253,-0.320019,0
0.551,	0,0,0,	-4.97429,7.55728e-08,0,	-0.945236,-0.325972,0
0.552,	0,0,0,	-4.97346,7.58431e-08,0,	-0.943181,-0.331912,0
0.553,	0,0,0,	-4.97263,7.61129e-08,0,	-0.94109,-0.337839,0
0.554,	0,0,0,	-4.97179,7.6382e-08,0,	-0.938961,-0.343752,0
0.555,	0,0,0,	-4.97096,7.66505e-08,0,	-0.936795,-0.349652,0
0.556,	0,0,0,	-4.97012,7.69184e-08,0,	-0.934592,-0.355539,0
0.557,	0,0,0,	-4.96928,7.71856e-08,0,	-0.932353,-0.361411,0
0.558,	0,0,0,	-4.96844,7.74521e-08,0,	-0.930076,-0.367269,0
0.559,	0,0,0,	-4.9676,7.77179e-08,0,	-0.927763,-0.373112,0
0.56,	0,0,0,	-4.96675,7.79831e-08,0,	-0.925413,-0.378941,0
0.561,	0,0,0,	-4.96591,7.82475e-08,0,	-0.923027,-0.384755,0
0.562,	0,0,0,	-4.96506,7.85113e-08,0,	-0.920604,-0.390553,0
0.563,	0,0,0,	-4.96421,7.87743e-08,0,	-0.918145,-0.396336,0
0.564,	0,0,0,	-4.96336,7.90366e-08,0,	-0.91565,-0.402104,0
0.565,	0,0,0,	-4.96251,7.92982e-08,0,	-0.913119,-0.407856,0
0.566,	0,0,0,	-4.96166,7.9559e-08,0,	-0.910551,-0.413591,0
0.567,	0,0,0,	-4.9608,7.98191e-08,0,	-0.907948,-0.41931,0
0.568,	0,0,0,	-4.95995,8.00785e-08,0,	-0.905309,-0.425013,0
0.569,	0,0,0,	-4.95909,8.0337e-08,0,	-0.902634,-0.430699,0
0.57,	0,0,0,	-4.95823,8.05948e-08,0,	-0.899924,-0.436368,0
0.571,	0,0,0,	-4.95737,8.08518e-08,0,	-0.897178,-0.442019,0
0.572,	0,0,0,	-4.95651,8.1108e-08,0,	-0.894397,-0.447653,0
0.573,	0,0,0,	-4.95564,8.13634e-08,0,	-0.89158,-0.45327,0
0.574,	0,0,0,	-4.95478,8.1618e-08,0,	-0.888728,-0.458868,0
0.575,	0,0,0,	-4.95391,8.18717e-08,0,	-0.885842,-0.464449,0
0.576,	0,0,0,	-4.95304,8.21247e-08,0,	-0.88292,-0.470011,0
0.577,	0,0,0,	-4.95217,8.23768e-08,0,	-0.879964,-0.475555,0
0.578,	0,0,0,	-4.9513,8.2628e-08,0,	-0.876972,-0.48108,0
0.579,	0,0,0,	-4.95042,8.28784e-08,0,	-0.873947,-0.486586,0
0.58,	0,0,0,	-4.94955,8.3128e-08,0,	-0.870886,-0.492072,0
0.581,	0,0,0,	-4.94867,8.33767e-08,0,	-0.867792,-0.49754,0
0.582,	0,0,0,	-4.94779,8.36245e-08,0,	-0.864663,-0.502987,0
0.583,	0,0,0,	-4.94691,8.38714e-08,0,	-0.8615,-0.508415,0
0.584,	0,0,0,	-4.94603,8.41174e-08,0,	-0.858304,-0.513823,0
0.585,	0,0,0,	-4.94514,8.43625e-08,0,	-0.855073,-0.519211,0
0.586,	0,0,0,	-4.94426,8.46068e-08,0,	-0.851809,-0.524578,0
0.587,	0,0,0,	-4.94337,8.48501e-08,0,	-0.848511,-0.529924,0
0.588,	0,0,0,	-4.94248,8.50925e-08,0,	-0.84518,-0.535249,0
0.589,	0,0,0,	-4.94159,8.5334e-08,0,	-0.841815,-0.540554,0
0.59,	0,0,0,	-4.9407,8.55745e-08,0,	-0.838417,-0.545837,0
0.591,	0,0,0,	-4.93981,8.58141e-08,0,	-0.834986,-0.551098,0
0.592,	0,0,0,	-4.93891,8.60527e-08,0,	-0.831523,-0.556338,0
0.593,	0,0,0,	-4.93801,8.62904e-08,0,	-0.828026,-0.561556,0
0.594,	0,0,0,	-4.93712,8.65272e-08,0,	-0.824497,-0.566752,0
0.595,	0,0,0,	-4.93622,8.67629e-08,0,	-0.820936,-0.571925,0
0.596,	0,0,0,	-4.93531,8.69977e-08,0,	-0.817342,-0.577076,0
0.597,	0,0,0,	-4.93441,8.72315e-08,0,	-0.813716,-0.582204,0
0.598,	0,0,0,	-4.93351,8.74644e-08,0,	-0.810058,-0.587309,0
0.599,	0,0,0,	-4.9326,8.76962e-08,0,	-0.806367,-0.592391,0
0.6,	0,0,0,	-4.93169,8.79271e-08,0,	-0.802646,-0.597449,0
0.601,	0,0,0,	-4.93078,8.81569e-08,0,	-0.798892,-0.602484,0
0.602,	0,0,0,	-4.92987,8.83857e-08,0,	-0.795107,-0.607496,0
0.603,	0,0,0,	-4.92896,8.86135e-08,0,	-0.791291,-0.612483,0
0.604,	0,0,0,	-4.92804,8.88403e-08,0,	-0.787444,-0.617446,0
0.605,	0,0,0,	-4.92713,8.90661e-08,0,	-0.783566,-0.622385,0
0.606,	0,0,0,	-4.92621,8.92908e-08,0,	-0.779656,-0.6273,0
0.607,	0,0,0,	-4.92529,8.95145e-08,0,	-0.775716,-0.632189,0
0.608,	0,0,0,	-4.92437,8.97372e-08,0,	-0.771746,-0.637054,0
0.609,	0,0,0,	-4.92345,8.99588e-08,0,	-0.767745,-0.641894,0
0.61,	0,0,0,	-4.92252,9.01794e-08,0,	-0.763714,-0.646708,0
0.611,	0,0,0,	-4.9216,9.03989e-08,0,	-0.759653,-0.651497,0
0.612,	0,0,0,	-4.92067,9.06173e-08,0,	-0.755562,-0.65626,0
0.613,	0,0,0,	-4.91974,9.08347e-08,0,	-0.751441,-0.660998,0
0.614,	0,0,0,	-4.91881,9.1051e-08,0,	-0.747291,-0.665709,0
0.615,	0,0,0,	-4.91788,9.12662e-08,0,	-0.743111,-0.670394,0
0.616,	0,0,0,	-4.91694,9.14804e-08,0,	-0.738902,-0.675053,0
0.617,	0,0,0,	-4.91601,9.16934e-08,0,	-0.734664,-0.679685,0
0.618,	0,0,0,	-4.91507,9.19054e-08,0,	-0.730397,-0.68429,0
0.619,	0,0,0,	-4.91413,9.21163e-08,0,	-0.726102,-0.688869,0
0.62,	0,0,0,	-4.91319,9.2326e-08,0,	-0.721778,-0.69342,0
0.621,	0,0,0,	-4.91225,9.25347e-08,0,	-0.717425,-0.697944,0
0.622,	0,0,0,	-4.9113,9.27423e-08,0,	-0.713044,-0.702441,0
0.623,	0,0,0,	-4.91036,9.29488e-08,0,	-0.708635,-0.706909,0
0.624,	0,0,0,	-4.90941,9.31541e-08,0,	-0.704198,-0.71135,0
0.625,	0,0,0,	-4.90846,9.33583e-08,0,	-0.699734,-0.715763,0
0.626,	0,0,0,	-4.90751,9.35614e-08,0,	-0.695242,-0.720148,0
0.627,	0,0,0,	-4.90656,9.37634e-08,0,	-0.690722,-0.724505,0
0.628,	0,0,0,	-4.9056,9.39643e-08,0,	-0.686176,-0.728833,0
0.629,	0,0,0,	-4.90465,9.4164e-08,0,	-0.681602,-0.733132,0
0.63,	0,0,0,	-4.90369,9.43626e-08,0,	-0.677002,-0.737402,0
0.631,	0,0,0,	-4.90273,9.45601e-08,0,	-0.672375,-0.741644,0
0.632,	0,0,0,	-4.90177,9.47564e-08,0,	-0.667722,-0.745856,0
0.633,	0,0,0,	-4.90081,9.49516e-08,0,	-0.663042,-0.750039,0
0.634,	0,0,0,	-4.89985,9.51456e-08,0,	-0.658336,-0.754192,0
0.635,	0,0,0,	-4.89888,9.53385e-08,0,	-0.653605,-0.758316,0
0.636,	0,0,0,	-4.89791,9.55302e-08,0,	-0.648847,-0.762409,0
0.637,	0,0,0,	-4.89695,9.57208e-08,0,	-0.644065,-0.766473,0
0.638,	0,0,0,	-4.89598,9.59102e-08,0,	-0.639256,-0.770507,0
0.639,	0,0,0,	-4.895,9.60984e-08,0,	-0.634423,-0.77451,0
0.64,	0,0,0,	-4.89403,9.62855e-08,0,	-0.629565,-0.778483,0
0.641,	0,0,0,	-4.89306,9.64714e-08,0,	-0.624682,-0.782425,0
0.642,	0,0,0,	-4.89208,9.66562e-08,0,	-0.619774,-0.786337,0
0.643,	0,0,0,	-4.8911,9.68398e-08,0,	-0.614843,-0.790217,0
0.644,	0,0,0,	-4.89012,9.70222e-08,0,	-0.609887,-0.794067,0
0.645,	0,0,0,	-4.88914,9.72035e-08,0,	-0.604907,-0.797885,0
0.646,	0,0,0,	-4.88816,9.73835e-08,0,	-0.599903,-0.801672,0
0.647,	0,0,0,	-4.88717,9.75624e-08,0,	-0.594876,-0.805427,0
0.648,	0,0,0,	-4.88618,9.77402e-08,0,	-0.589825,-0.809151,0
0.649,	0,0,0,	-4.88519,9.79167e-08,0,	-0.584751,-0.812842,0
0.65,	0,0,0,	-4.8842,9.80921e-08,0,	-0.579654,-0.816502,0
0.651,	0,0,0,	-4.88321,9.82662e-08,0,	-0.574534,-0.82013,0
0.652,	0,0,0,	-4.88222,9.84392e-08,0,	-0.569392,-0.823725,0
0.653,	0,0,0,	-4.88123,9.8611e-08,0,	-0.564228,-0.827288,0
0.654,	0,0,0,	-4.88023,9.87817e-08,0,	-0.559041,-0.830819,0
0.655,	0,0,0,	-4.87923,9.89511e-08,0,	-0.553832,-0.834317,0
0.656,	0,0,0,	-4.87823,9.91193e-08,0,	-0.548602,-0.837782,0
0.657,	0,0,0,	-4.87723,9.92864e-08,0,	-0.54335,-0.841214,0
0.658,	0,0,0,	-4.87623,9.94522e-08,0,	-0.538077,-0.844613,0
0.659,	0,0,0,	-4.87522,9.96169e-08,0,	-0.532782,-0.847979,0
0.66,	0,0,0,	-4.87421,9.97804e-08,0,	-0.527467,-0.851311,0
0.661,	0,0,0,	-4.87321,9.99426e-08,0,	-0.522131,-0.854611,0
0.662,	0,0,0,	-4.8722,1.00104e-07,0,	-0.516774,-0.857876,0
0.663,	0,0,0,	-4.87118,1.00264e-07,0,	-0.511397,-0.861108,0
0.664,	0,0,0,	-4.87017,1.00422e-07,0,	-0.506,-0.864306,0
0.665,	0,0,0,	-4.86916,1.0058e-07,0,	-0.500583,-0.86747,0
0.666,	0,0,0,	-4.86814,1.00736e-07,0,	-0.495147,-0.870599,0
0.667,	0,0,0,	-4.86712,1.00891e-07,0,	-0.489691,-0.873695,0
0.668,	0,0,0,	-4.8661,1.01045e-07,0,	-0.484216,-0.876756,0
0.669,	0,0,0,	-4.86508,1.01198e-07,0,	-0.478722,-0.879783,0
0.67,	0,0,0,	-4.86406,1.01349e-07,0,	-0.473209,-0.882775,0
0.671,	0,0,0,	-4.86303,1.015e-07,0,	-0.467677,-0.885733,0
0.672,	0,0,0,	-4.862,1.01649e-07,0,	-0.462127,-0.888656,0
0.673,	0,0,0,	-4.86098,1.01797e-07,0,	-0.456559,-0.891544,0
0.674,	0,0,0,	-4.85995,1.01943e-07,0,	-0.450973,-0.894397,0
0.675,	0,0,0,	-4.85892,1.02089e-07,0,	-0.44537,-0.897214,0
0.676,	0,0,0,	-4.85788,1.02233e-07,0,	-0.439749,-0.899997,0
0.677,	0,0,0,	-4.85685,1.02376e-07,0,	-0.43411,-0.902744,0
0.678,	0,0,0,	-4.85581,1.02518e-07,0,	-0.428455,-0.905455,0
0.679,	0,0,0,	-4.85477,1.02659e-07,0,	-0.422783,-0.908132,0
0.68,	0,0,0,	-4.85373,1.02798e-07,0,	-0.417094,-0.910772,0
0.681,	0,0,0,	-4.85269,1.02937e-07,0,	-0.411389,-0.913377,0
0.682,	0,0,0,	-4.85165,1.03074e-07,0,	-0.405667,-0.915945,0
0.683,	0,0,0,	-4.8506,1.0321e-07,0,	-0.39993,-0.918478,0
0.684,	0,0,0,	-4.84956,1.03345e-07,0,	-0.394177,-0.920975,0
0.685,	0,0,0,	-4.84851,1.03478e-07,0,	-0.388409,-0.923435,0
0.686,	0,0,0,	-4.84746,1.0361e-07,0,	-0.382625,-0.92586,0
0.687,	0,0,0,	-4.84641,1.03742e-07,0,	-0.376827,-0.928248,0
0.688,	0,0,0,	-4.84535,1.03872e-07,0,	-0.371013,-0.930599,0
0.689,	0,0,0,	-4.8443,1.04e-07,0,	-0.365185,-0.932914,0
0.69,	0,0,0,	-4.84324,1.04128e-07,0,	-0.359343,-0.935192,0
0.691,	0,0,0,	-4.84218,1.04254e-07,0,	-0.353487,-0.937434,0
0.692,	0,0,0,	-4.84112,1.0438e-07,0,	-0.347617,-0.939639,0
0.693,	0,0,0,	-4.84006,1.04504e-07,0,	-0.341733,-0.941806,0
0.694,	0,0,0,	-4.839,1.04626e-07,0,	-0.335836,-0.943937,0
0.695,	0,0,0,	-4.83793,1.04748e-07,0,	-0.329925,-0.946031,0
0.696,	0,0,0,	-4.83686,1.04869e-07,0,	-0.324002,-0.948088,0
0.697,	0,0,0,	-4.8358,1.04988e-07,0,	-0.318066,-0.950107,0
0.698,	0,0,0,	-4.83473,1.05106e-07,0,	-0.312117,-0.95209,0
0.699,	0,0,0,	-4.83365,1.05223e-07,0,	-0.306157,-0.954034,0
0.7,	0,0,0,	-4.83258,1.05339e-07,0,	-0.300184,-0.955942,0
0.701,	0,0,0,	-4.83151,1.05453e-07,0,	-0.2942,-0.957812,0
0.702,	0,0,0,	-4.83043,1.05567e-07,0,	-0.288204,-0.959644,0
0.703,	0,0,0,	-4.82935,1.05679e-07,0,	-0.282196,-0.961438,0
0.704,	0,0,0,	-4.82827,1.0579e-07,0,	-0.276178,-0.963195,0
0.705,	0,0,0,	-4.82719,1.059e-07,0,	-0.270149,-0.964914,0
0.706,	0,0,0,	-4.8261,1.06009e-07,0,	-0.264109,-0.966596,0
0.707,	0,0,0,	-4.82502,1.06116e-07,0,	-0.258059,-0.968239,0
0.708,	0,0,0,	-4.82393,1.06222e-07,0,	-0.251999,-0.969844,0
0.709,	0,0,0,	-4.82284,1.06328e-07,0,	-0.245929,-0.971411,0
0.71,	0,0,0,	-4.82175,1.06432e-07,0,	-0.239849,-0.97294,0
0.711,	0,0,0,	-4.82066,1.06535e-07,0,	-0.23376,-0.974431,0
0.712,	0,0,0,	-4.81957,1.06636e-07,0,	-0.227661,-0.975884,0
0.713,	0,0,0,	-4.81847,1.06737e-07,0,	-0.221554,-0.977298,0
0.714,	0,0,0,	-4.81737,1.06836e-07,0,	-0.215438,-0.978675,0
0.715,	0,0,0,	-4.81627,1.06935e-07,0,	-0.209314,-0.980012,0
0.716,	0,0,0,	-4.81517,1.07032e-07,0,	-0.203182,-0.981311,0
0.717,	0,0,0,	-4.81407,1.07128e-07,0,	-0.197041,-0.982572,0
0.718,	0,0,0,	-4.81297,1.07223e-07,0,	-0.190893,-0.983794,0
0.719,	0,0,0,	-4.81186,1.07316e-07,0,	-0.184737,-0.984978,0
0.72,	0,0,0,	-4.81075,1.07409e-07,0,	-0.178575,-0.986123,0
0.721,	0,0,0,	-4.80964,1.07501e-07,0,	-0.172405,-0.987229,0
0.722,	0,0,0,	-4.80853,1.07591e-07,0,	-0.166228,-0.988297,0
0.723,	0,0,0,	-4.80742,1.0768e-07,0,	-0.160045,-0.989325,0
0.724,	0,0,0,	-4.8063,1.07768e-07,0,	-0.153856,-0.990315,0
0.725,	0,0,0,	-4.80519,1.07855e-07,0,	-0.14766,-0.991266,0
0.726,	0,0,0,	-4.80407,1.07941e-07,0,	-0.141459,-0.992179,0
0.727,	0,0,0,	-4.80295,1.08025e-07,0,	-0.135253,-0.993052,0
0.728,	0,0,0,	-4.80183,1.08109e-07,0,	-0.129041,-0.993886,0
0.729,	0,0,0,	-4.80071,1.08191e-07,0,	-0.122824,-0.994682,0
0.73,	0,0,0,	-4.79958,1.08273e-07,0,	-0.116602,-0.995438,0
0.731,	0,0,0,	-4.79846,1.08353e-07,0,	-0.110375,-0.996155,0
0.732,	0,0,0,	-4.79733,1.08432e-07,0,	-0.104145,-0.996834,0
0.733,	0,0,0,	-4.7962,1.0851e-07,0,	-0.09791,-0.997473,0
0.734,	0,0,0,	-4.79507,1.08587e-07,0,	-0.0916714,-0.998073,0
0.735,	0,0,0,	-4.79393,1.08663e-07,0,	-0.0854292,-0.998634,0
0.736,	0,0,0,	-4.7928,1.08737e-07,0,	-0.0791838,-0.999156,0
0.737,	0,0,0,	-4.79166,1.08811e-07,0,	-0.0729352,-0.999638,0
0.738,	0,0,0,	-4.79052,1.08883e-07,0,	-0.0666838,-1.00008,0
0.739,	0,0,0,	-4.78938,1.08955e-07,0,	-0.0604298,-1.00049,0
0.74,	0,0,0,	-4.78824,1.09025e-07,0,	-0.0541734,-1.00085,0
0.741,	0,0,0,	-4.7871,1.09094e-07,0,	-0.0479149,-1.00118,0
0.742,	0,0,0,	-4.78595,1.09162e-07,0,	-0.0416546,-1.00146,0
0.743,	0,0,0,	-4.78481,1.09229e-07,0,	-0.0353926,-1.00171,0
0.744,	0,0,0,	-4.78366,1.09295e-07,0,	-0.0291293,-1.00192,0
0.745,	0,0,0,	-4.78251,1.0936e-07,0,	-0.0228648,-1.00209,0
0.746,	0,0,0,	-4.78135,1.09424e-07,0,	-0.0165995,-1.00222,0
0.747,	0,0,0,	-4.7802,1.09487e-07,0,	-0.0103335,-1.00231,0
0.748,	0,0,0,	-4.77905,1.09548e-07,0,	-0.00406717,-1.00236,0
0.749,	0,0,0,	-4.77789,1.09609e-07,0,	0.00219933,-1.00237,0
0.75,	0,0,0,	-4.77673,1.09669e-07,0,	0.00846573,-1.00234,0
0.751,	0,0,0,	-4.77557,1.09727e-07,0,	0.0147318,-1.00227,0
0.752,	0,0,0,	-4.77441,1.09785e-07,0,	0.0209973,-1.00217,0
0.753,	0,0,0,	-4.77324,1.09841e-07,0,	0.0272619,-1.00202,0
0.754,	0,0,0,	-4.77208,1.09896e-07,0,	0.0335254,-1.00184,0
0.755,	0,0,0,	-4.77091,1.09951e-07,0,	0.0397876,-1.00161,0
0.756,	0,0,0,	-4.76974,1.10004e-07,0,	0.0460483,-1.00135,0
0.757,	0,0,0,	-4.76857,1.10056e-07,0,	0.0523071,-1.00105,0
0.758,	0,0,0,	-4.76739,1.10108e-07,0,	0.0585638,-1.0007,0
0.759,	0,0,0,	-4.76622,1.10158e-07,0,	0.0648183,-1.00032,0
0.76,	0,0,0,	-4.76504,1.10207e-07,0,	0.0710702,-0.999902,0
0.761,	0,0,0,	-4.76386,1.10255e-07,0,	0.0773192,-0.999442,0
0.762,	0,0,0,	-4.76268,1.10302e-07,0,	0.0835653,-0.998944,0
0.763,	0,0,0,	-4.7615,1.10348e-07,0,	0.089808,-0.998406,0
0.764,	0,0,0,	-4.76032,1.10393e-07,0,	0.0960472,-0.997829,0
0.765,	0,0,0,	-4.75913,1.10437e-07,0,	0.102283,-0.997212,0
0.766,	0,0,0,	-4.75795,1.1048e-07,0,	0.108514,-0.996557,0
0.767,	0,0,0,	-4.75676,1.10523e-07,0,	0.114741,-0.995863,0
0.768,	0,0,0,	-4.75557,1.10564e-07,0,	0.120964,-0.99513,0
0.769,	0,0,0,	-4.75438,1.10604e-07,0,	0.127182,-0.994357,0
0.77,	0,0,0,	-4.75318,1.10643e-07,0,	0.133395,-0.993546,0
0.771,	0,0,0,	-4.75199,1.10681e-07,0,	0.139602,-0.992696,0
0.772,	0,0,0,	-4.75079,1.10718e-07,0,	0.145804,-0.991806,0
0.773,	0,0,0,	-4.74959,1.10754e-07,0,	0.152001,-0.990878,0
0.774,	0,0,0,	-4.74839,1.10789e-07,0,	0.158191,-0.989911,0
0.775,	0,0,0,	-4.74719,1.10823e-07,0,	0.164376,-0.988906,0
0.776,	0,0,0,	-4.74598,1.10857e-07,0,	0.170553,-0.987861,0
0.777,	0,0,0,	-4.74478,1.10889e-07,0,	0.176724,-0.986778,0
0.778,	0,0,0,	-4.74357,1.1092e-07,0,	0.182889,-0.985656,0
0.779,	0,0,0,	-4.74236,1.1095e-07,0,	0.189045,-0.984496,0
0.78,	0,0,0,	-4.74115,1.1098e-07,0,	0.195195,-0.983297,0
0.781,	0,0,0,	-4.73993,1.11008e-07,0,	0.201337,-0.982059,0
0.782,	0,0,0,	-4.73872,1.11036e-07,0,	0.207471,-0.980783,0
0.783,	0,0,0,	-4.7375,1.11062e-07,0,	0.213597,-0.979469,0
0.784,	0,0,0,	-4.73628,1.11088e-07,0,	0.219714,-0.978116,0
0.785,	0,0,0,	-4.73506,1.11112e-07,0,	0.225823,-0.976725,0
0.786,	0,0,0,	-4.73384,1.11136e-07,0,	0.231923,-0.975295,0
0.787,	0,0,0,	-4.73262,1.11159e-07,0,	0.238014,-0.973828,0
0.788,	0,0,0,	-4.73139,1.1118e-07,0,	0.244095,-0.972322,0
0.789,	0,0,0,	-4.73017,1.11201e-07,0,	0.250167,-0.970778,0
0.79,	0,0,0,	-4.72894,1.11221e-07,0,	0.256229,-0.969196,0
0.791,	0,0,0,	-4.72771,1.1124e-07,0,	0.262281,-0.967576,0
0.792,	0,0,0,	-4.72647,1.11258e-07,0,	0.268323,-0.965918,0
0.793,	0,0,0,	-4.72524,1.11276e-07,0,	0.274354,-0.964222,0
0.794,	0,0,0,	-4.724,1.11292e-07,0,	0.280375,-0.962489,0
0.795,	0,0,0,	-4.72277,1.11307e-07,0,	0.286384,-0.960718,0
0.796,	0,0,0,	-4.72153,1.11322e-07,0,	0.292383,-0.958909,0
0.797,	0,0,0,	-4.72029,1.11335e-07,0,	0.298369,-0.957062,0
0.798,	0,0,0,	-4.71904,1.11348e-07,0,	0.304344,-0.955178,0
0.799,	0,0,0,	-4.7178,1.1136e-07,0,	0.310308,-0.953257,0
0.8,	0,0,0,	-4.71655,1.11371e-07,0,	0.316259,-0.951298,0
0.801,	0,0,0,	-4.7153,1.11381e-07,0,	0.322197,-0.949302,0
0.802,	0,0,0,	-4.71405,1.1139e-07,0,	0.328123,-0.947269,0
0.803,	0,0,0,	-4.7128,1.11398e-07,0,	0.334036,-0.945198,0
0.804,	0,0,0,	-4.71155,1.11406e-07,0,	0.339936,-0.943091,0
0.805,	0,0,0,	-4.71029,1.11413e-07,0,	0.345823,-0.940947,0
0.806,	0,0,0,	-4.70903,1.11418e-07,0,	0.351696,-0.938765,0
0.807,	0,0,0,	-4.70777,1.11423e-07,0,	0.357555,-0.936547,0
0.808,	0,0,0,	-4.70651,1.11427e-07,0,	0.3634,-0.934293,0
0.809,	0,0,0,	-4.70525,1.1143e-07,0,	0.369231,-0.932001,0
0.81,	0,0,0,	-4.70399,1.11433e-07,0,	0.375047,-0.929673,0
0.811,	0,0,0,	-4.70272,1.11434e-07,0,	0.380849,-0.927309,0
0.812,	0,0,0,	-4.70145,1.11435e-07,0,	0.386636,-0.924908,0
0.813,	0,0,0,	-4.70018,1.11435e-07,0,	0.392408,-0.922472,0
0.814,	0,0,0,	-4.69891,1.11433e-07,0,	0.398164,-0.919999,0
0.815,	0,0,0,	-4.69764,1.11432e-07,0,	0.403905,-0.917489,0
0.816,	0,0,0,	-4.69636,1.11429e-07,0,	0.409629,-0.914944,0
0.817,	0,0,0,	-4.69509,1.11425e-07,0,	0.415338,-0.912363,0
0.818,	0,0,0,	-4.69381,1.11421e-07,0,	0.421031,-0.909747,0
0.819,	0,0,0,	-4.69253,1.11416e-07,0,	0.426707,-0.907095,0
0.82,	0,0,0,	-4.69124,1.1141e-07,0,	0.432366,-0.904407,0
0.821,	0,0,0,	-4.68996,1.11403e-07,0,	0.438008,-0.901683,0
0.822,	0,0,0,	-4.68867,1.11396e-07,0,	0.443633,-0.898925,0
0.823,	0,0,0,	-4.68739,1.11387e-07,0,	0.449241,-0.896131,0
0.824,	0,0,0,	-4.6861,1.11378e-07,0,	0.454831,-0.893302,0
0.825,	0,0,0,	-4.6848,1.11368e-07,0,	0.460403,-0.890438,0
0.826,	0,0,0,	-4.68351,1.11358e-07,0,	0.465957,-0.887539,0
0.827,	0,0,0,	-4.68222,1.11346e-07,0,	0.471493,-0.884605,0
0.828,	0,0,0,	-4.68092,1.11334e-07,0,	0.47701,-0.881637,0
0.829,	0,0,0,	-4.67962,1.11321e-07,0,	0.482509,-0.878634,0
0.83,	0,0,0,	-4.67832,1.11307e-07,0,	0.487989,-0.875596,0
0.831,	0,0,0,	-4.67702,1.11293e-07,0,	0.493449,-0.872525,0
0.832,	0,0,0,	-4.67572,1.11277e-07,0,	0.498891,-0.869419,0
0.833,	0,0,0,	-4.67441,1.11261e-07,0,	0.504312,-0.866279,0
0.834,	0,0,0,	-4.6731,1.11245e-07,0,	0.509714,-0.863105,0
0.835,	0,0,0,	-4.67179,1.11227e-07,0,	0.515096,-0.859897,0
0.836,	0,0,0,	-4.67048,1.11209e-07,0,	0.520458,-0.856655,0
0.837,	0,0,0,	-4.66917,1.1119e-07,0,	0.525799,-0.85338,0
0.838,	0,0,0,	-4.66785,1.1117e-07,0,	0.53112,-0.850072,0
0.839,	0,0,0,	-4.66654,1.11149e-07,0,	0.53642,-0.84673,0
0.84,	0,0,0,	-4.66522,1.11128e-07,0,	0.541698,-0.843355,0
0.841,	0,0,0,	-4.6639,1.11106e-07,0,	0.546956,-0.839947,0
0.842,	0,0,0,	-4.66258,1.11083e-07,0,	0.552192,-0.836506,0
0.843,	0,0,0,	-4.66125,1.1106e-07,0,	0.557406,-0.833032,0
0.844,	0,0,0,	-4.65993,1.11036e-07,0,	0.562599,-0.829525,0
0.845,	0,0,0,	-4.6586,1.11011e-07,0,	0.567769,-0.825986,0
0.846,	0,0,0,	-4.65727,1.10986e-07,0,	0.572918,-0.822415,0
0.847,	0,0,0,	-4.65594,1.10959e-07,0,	0.578043,-0.818811,0
0.848,	0,0,0,	-4.65461,1.10932e-07,0,	0.583146,-0.815176,0
0.849,	0,0,0,	-4.65327,1.10905e-07,0,	0.588227,-0.811508,0
0.85,	0,0,0,	-4.65193,1.10876e-07,0,	0.593284,-0.807808,0
0.851,	0,0,0,	-4.6506,1.10847e-07,0,	0.598317,-0.804077,0
0.852,	0,0,0,	-4.64926,1.10818e-07,0,	0.603328,-0.800314,0
0.853,	0,0,0,	-4.64791,1.10787e-07,0,	0.608315,-0.79652,0
0.854,	0,0,0,	-4.64657,1.10756e-07,0,	0.613277,-0.792695,0
0.855,	0,0,0,	-4.64522,1.10725e-07,0,	0.618216,-0.788838,0
0.856,	0,0,0,	-4.64388,1.10692e-07,0,	0.623131,-0.784951,0
0.857,	0,0,0,	-4.64253,1.10659e-07,0,	0.628021,-0.781033,0
0.858,	0,0,0,	-4.64118,1.10626e-07,0,	0.632886,-0.777084,0
0.859,	0,0,0,	-4.63982,1.10592e-07,0,	0.637727,-0.773104,0
0.86,	0,0,0,	-4.63847,1.10557e-07,0,	0.642542,-0.769095,0
0.861,	0,0,0,	-4.63711,1.10521e-07,0,	0.647332,-0.765055,0
0.862,	0,0,0,	-4.63575,1.10485e-07,0,	0.652097,-0.760985,0
0.863,	0,0,0,	-4.63439,1.10448e-07,0,	0.656837,-0.756886,0
0.864,	0,0,0,	-4.63303,1.1041e-07,0,	0.66155,-0.752756,0
0.865,	0,0,0,	-4.63167,1.10372e-07,0,	0.666238,-0.748597,0
0.866,	0,0,0,	-4.6303,1.10333e-07,0,	0.670899,-0.744409,0
0.867,	0,0,0,	-4.62893,1.10294e-07,0,	0.675534,-0.740192,0
0.868,	0,0,0,	-4.62756,1.10254e-07,0,	0.680143,-0.735945,0
0.869,	0,0,0,	-4.62619,1.10214e-07,0,	0.684725,-0.73167,0
0.87,	0,0,0,	-4.62482,1.10172e-07,0,	0.68928,-0.727366,0
0.871,	0,0,0,	-4.62344,1.10131e-07,0,	0.693808,-0.723033,0
0.872,	0,0,0,	-4.62207,1.10088e-07,0,	0.698309,-0.718672,0
0.873,	0,0,0,	-4.62069,1.10045e-07,0,	0.702782,-0.714283,0
0.874,	0,0,0,	-4.61931,1.10002e-07,0,	0.707228,-0.709866,0
0.875,	0,0,0,	-4.61792,1.09957e-07,0,	0.711646,-0.705421,0
0.876,	0,0,0,	-4.61654,1.09913e-07,0,	0.716036,-0.700948,0
0.877,	0,0,0,	-4.61515,1.09867e-07,0,	0.720398,-0.696448,0
0.878,	0,0,0,	-4.61377,1.09821e-07,0,	0.724731,-0.69192,0
0.879,	0,0,0,	-4.61238,1.09775e-07,0,	0.729036,-0.687365,0
0.88,	0,0,0,	-4.61098,1.09728e-07,0,	0.733313,-0.682784,0
0.881,	0,0,0,	-4.60959,1.0968e-07,0,	0.737561,-0.678175,0
0.882,	0,0,0,	-4.6082,1.09632e-07,0,	0.74178,-0.67354,0
0.883,	0,0,0,	-4.6068,1.09583e-07,0,	0.745969,-0.668878,0
0.884,	0,0,0,	-4.6054,1.09534e-07,0,	0.75013,-0.664191,0
0.885,	0,0,0,	-4.604,1.09484e-07,0,	0.754261,-0.659477,0
0.886,	0,0,0,	-4.60259,1.09434e-07,0,	0.758362,-0.654737,0
0.887,	0,0,0,	-4.60119,1.09383e-07,0,	0.762433,-0.649972,0
0.888,	0,0,0,	-4.59978,1.09332e-07,0,	0.766475,-0.64518,0
0.889,	0,0,0,	-4.59837,1.0928e-07,0,	0.770486,-0.640364,0
0.89,	0,0,0,	-4.59696,1.09227e-07,0,	0.774468,-0.635523,0
0.891,	0,0,0,	-4.59555,1.09174e-07,0,	0.778419,-0.630656,0
0.892,	0,0,0,	-4.59414,1.09121e-07,0,	0.782339,-0.625765,0
0.893,	0,0,0,	-4.59272,1.09067e-07,0,	0.786228,-0.620849,0
0.894,	0,0,0,	-4.5913,1.09012e-07,0,	0.790087,-0.615909,0
0.895,	0,0,0,	-4.58988,1.08957e-07,0,	0.793914,-0.610945,0
0.896,	0,0,0,	-4.58846,1.08902e-07,0,	0.797711,-0.605957,0
0.897,	0,0,0,	-4.58704,1.08846e-07,0,	0.801476,-0.600944,0
0.898,	0,0,0,	-4.58561,1.08789e-07,0,	0.805209,-0.595909,0
0.899,	0,0,0,	-4.58419,1.08732e-07,0,	0.808911,-0.59085,0
0.9,	0,0,0,	-4.58276,1.08675e-07,0,	0.812582,-0.585767,0
0.901,	0,0,0,	-4.58133,1.08617e-07,0,	0.81622,-0.580662,0
0.902,	0,0,0,	-4.57989,1.08558e-07,0,	0.819826,-0.575534,0
0.903,	0,0,0,	-4.57846,1.08499e-07,0,	0.8234,-0.570383,0
0.904,	0,0,0,	-4.57702,1.0844e-07,0,	0.826941,-0.56521,0
0.905,	0,0,0,	-4.57558,1.0838e-07,0,	0.83045,-0.560014,0
0.906,	0,0,0,	-4.57414,1.0832e-07,0,	0.833927,-0.554797,0
0.907,	0,0,0,	-4.5727,1.08259e-07,0,	0.837371,-0.549558,0
0.908,	0,0,0,	-4.57126,1.08198e-07,0,	0.840781,-0.544297,0
0.909,	0,0,0,	-4.56981,1.08136e-07,0,	0.844159,-0.539015,0
0.91,	0,0,0,	-4.56836,1.08074e-07,0,	0.847503,-0.533712,0
0.911,	0,0,0,	-4.56691,1.08012e-07,0,	0.850815,-0.528387,0
0.912,	0,0,0,	-4.56546,1.07949e-07,0,	0.854092,-0.523042,0
0.913,	0,0,0,	-4.56401,1.07885e-07,0,	0.857337,-0.517677,0
0.914,	0,0,0,	-4.56255,1.07822e-07,0,	0.860547,-0.512291,0
0.915,	0,0,0,	-4.56109,1.07757e-07,0,	0.863724,-0.506885,0
0.916,	0,0,0,	-4.55963,1.07693e-07,0,	0.866866,-0.501459,0
0.917,	0,0,0,	-4.55817,1.07628e-07,0,	0.869975,-0.496013,0
0.918,	0,0,0,	-4.55671,1.07562e-07,0,	0.873049,-0.490548,0
0.919,	0,0,0,	-4.55525,1.07496e-07,0,	0.876089,-0.485063,0
0.92,	0,0,0,	-4.55378,1.0743e-07,0,	0.879095,-0.479559,0
0.921,	0,0,0,	-4.55231,1.07364e-07,0,	0.882066,-0.474037,0
0.922,	0,0,0,	-4.55084,1.07296e-07,0,	0.885002,-0.468496,0
0.923,	0,0,0,	-4.54937,1.07229e-07,0,	0.887904,-0.462936,0
0.924,	0,0,0,	-4.54789,1.07161e-07,0,	0.89077,-0.457359,0
0.925,	0,0,0,	-4.54641,1.07093e-07,0,	0.893602,-0.451763,0
0.926,	0,0,0,	-4.54494,1.07024e-07,0,	0.896398,-0.44615,0
0.927,	0,0,0,	-4.54346,1.06956e-07,0,	0.89916,-0.440519,0
0.928,	0,0,0,	-4.54197,1.06886e-07,0,	0.901885,-0.43487,0
0.929,	0,0,0,	-4.54049,1.06817e-07,0,	0.904576,-0.429205,0
0.93,	0,0,0,	-4.539,1.06747e-07,0,	0.90723,-0.423522,0
0.931,	0,0,0,	-4.53752,1.06676e-07,0,	0.909849,-0.417823,0
0.932,	0,0,0,	-4.53603,1.06605e-07,0,	0.912432,-0.412108,0
0.933,	0,0,0,	-4.53453,1.06534e-07,0,	0.91498,-0.406376,0
0.934,	0,0,0,	-4.53304,1.06463e-07,0,	0.917491,-0.400629,0
0.935,	0,0,0,	-4.53154,1.06391e-07,0,	0.919966,-0.394865,0
0.936,	0,0,0,	-4.53005,1.06319e-07,0,	0.922405,-0.389086,0
0.937,	0,0,0,	-4.52855,1.06247e-07,0,	0.924808,-0.383292,0
0.938,	0,0,0,	-4.52705,1.06174e-07,0,	0.927174,-0.377483,0
0.939,	0,0,0,	-4.52554,1.06101e-07,0,	0.929504,-0.371659,0
0.94,	0,0,0,	-4.52404,1.06028e-07,0,	0.931797,-0.36582,0
0.941,	0,0,0,	-4.52253,1.05954e-07,0,	0.934053,-0.359967,0
0.942,	0,0,0,	-4.52102,1.0588e-07,0,	0.936273,-0.354099,0
0.943,	0,0,0,	-4.51951,1.05806e-07,0,	0.938456,-0.348218,0
0.944,	0,0,0,	-4.518,1.05731e-07,0,	0.940602,-0.342323,0
0.945,	0,0,0,	-4.51648,1.05656e-07,0,	0.942711,-0.336415,0
0.946,	0,0,0,	-4.51497,1.05581e-07,0,	0.944782,-0.330493,0
0.947,	0,0,0,	-4.51345,1.05506e-07,0,	0.946817,-0.324558,0
0.948,	0,0,0,	-4.51193,1.0543e-07,0,	0.948814,-0.318611,0
0.949,	0,0,0,	-4.5104,1.05354e-07,0,	0.950774,-0.312651,0
0.95,	0,0,0,	-4.50888,1.05278e-07,0,	0.952696,-0.306678,0
0.951,	0,0,0,	-4.50735,1.05201e-07,0,	0.954581,-0.300694,0
0.952,	0,0,0,	-4.50582,1.05124e-07,0,	0.956428,-0.294697,0
0.953,	0,0,0,	-4.50429,1.05047e-07,0,	0.958238,-0.288689,0
0.954,	0,0,0,	-4.50276,1.0497e-07,0,	0.96001,-0.28267,0
0.955,	0,0,0,	-4.50123,1.04893e-07,0,	0.961744,-0.27664,0
0.956,	0,0,0,	-4.49969,1.04815e-07,0,	0.96344,-0.270598,0
0.957,	0,0,0,	-4.49815,1.04737e-07,0,	0.965098,-0.264546,0
0.958,	0,0,0,	-4.49661,1.04658e-07,0,	0.966718,-0.258484,0
0.959,	0,0,0,	-4.49507,1.0458e-07,0,	0.9683,-0.252412,0
0.96,	0,0,0,	-4.49353,1.04501e-07,0,	0.969844,-0.246329,0
0.961,	0,0,0,	-4.49198,1.04422e-07,0,	0.971349,-0.240237,0
0.962,	0,0,0,	-4.49043,1.04343e-07,0,	0.972817,-0.234135,0
0.963,	0,0,0,	-4.48888,1.04264e-07,0,	0.974246,-0.228024,0
0.964,	0,0,0,	-4.48733,1.04184e-07,0,	0.975636,-0.221904,0
0.965,	0,0,0,	-4.48578,1.04104e-07,0,	0.976988,-0.215776,0
0.966,	0,0,0,	-4.48422,1.04024e-07,0,	0.978302,-0.209638,0
0.967,	0,0,0,	-4.48266,1.03944e-07,0,	0.979577,-0.203493,0
0.968,	0,0,0,	-4.4811,1.03863e-07,0,	0.980813,-0.19734,0
0.969,	0,0,0,	-4.47954,1.03783e-07,0,	0.982011,-0.191178,0
0.97,	0,0,0,	-4.47798,1.03702e-07,0,	0.98317,-0.18501,0
0.971,	0,0,0,	-4.47641,1.03621e-07,0,	0.98429,-0.178833,0
0.972,	0,0,0,	-4.47484,1.0354e-07,0,	0.985372,-0.17265,0
0.973,	0,0,0,	-4.47327,1.03459e-07,0,	0.986414,-0.16646,0
0.974,	0,0,0,	-4.4717,1.03377e-07,0,	0.987418,-0.160264,0
0.975,	0,0,0,	-4.47013,1.03296e-07,0,	0.988382,-0.154061,0
0.976,	0,0,0,	-4.46855,1.03214e-07,0,	0.989308,-0.147852,0
0.977,	0,0,0,	-4.46698,1.03132e-07,0,	0.990195,-0.141638,0
0.978,	0,0,0,	-4.4654,1.0305e-07,0,	0.991042,-0.135417,0
0.979,	0,0,0,	-4.46381,1.02967e-07,0,	0.99185,-0.129192,0
0.98,	0,0,0,	-4.46223,1.02885e-07,0,	0.99262,-0.122961,0
0.981,	0,0,0,	-4.46065,1.02803e-07,0,	0.99335,-0.116725,0
0.982,	0,0,0,	-4.45906,1.0272e-07,0,	0.994041,-0.110485,0
0.983,	0,0,0,	-4.45747,1.02637e-07,0,	0.994692,-0.10424,0
0.984,	0,0,0,	-4.45588,1.02554e-07,0,	0.995305,-0.0979918,0
0.985,	0,0,0,	-4.45428,1.02471e-07,0,	0.995878,-0.0917392,0
0.986,	0,0,0,	-4.45269,1.02388e-07,0,	0.996412,-0.0854831,0
0.987,	0,0,0,	-4.45109,1.02305e-07,0,	0.996906,-0.0792235,0
0.988,	0,0,0,	-4.44949,1.02222e-07,0,	0.997361,-0.0729609,0
0.989,	0,0,0,	-4.44789,1.02138e-07,0,	0.997777,-0.0666953,0
0.99,	0,0,0,	-4.44629,1.02055e-07,0,	0.998153,-0.0604271,0
0.991,	0,0,0,	-4.44468,1.01971e-07,0,	0.99849,-0.0541566,0
0.992,	0,0,0,	-4.44307,1.01887e-07,0,	0.998787,-0.0478839,0
0.993,	0,0,0,	-4.44147,1.01803e-07,0,	0.999045,-0.0416093,0
0.994,	0,0,0,	-4.43985,1.0172e-07,0,	0.999264,-0.035333,0
0.995,	0,0,0,	-4.43824,1.01636e-07,0,	0.999443,-0.0290554,0
0.996,	0,0,0,	-4.43663,1.01552e-07,0,	0.999583,-0.0227766,0
0.997,	0,0,0,	-4.43501,1.01468e-07,0,	0.999683,-0.0164969,0
0.998,	0,0,0,	-4.43339,1.01383e-07,0,	0.999743,-0.0102166,0
0.999,	0,0,0,	-4.43177,1.01299e-07,0,	0.999764,-0.00393587,0
