Simulation of solar system over 1 years, with 1000 iterations, using verlet´s method.
Time 	sun	 	jupiter	 	earth	 	
0,	0,0,0,	-5.2,0,0,	0.99998,0.00628,0
0.001,	0,0,0,	-5.2,3.12082e-15,0,	0.999921,0.0125598,0
0.002,	0,0,0,	-5.19999,1.24833e-14,0,	0.999822,0.018839,0
0.003,	0,0,0,	-5.19999,3.12084e-14,0,	0.999684,0.0251175,0
0.004,	0,0,0,	-5.19998,6.24172e-14,0,	0.999507,0.031395,0
0.005,	0,0,0,	-5.19997,1.09231e-13,0,	0.999289,0.0376713,0
0.006,	0,0,0,	-5.19996,1.7477e-13,0,	0.999033,0.0439461,0
0.007,	0,0,0,	-5.19995,2.62157e-13,0,	0.998737,0.0502192,0
0.008,	0,0,0,	-5.19994,3.74514e-13,0,	0.998402,0.0564903,0
0.009,	0,0,0,	-5.19993,5.14962e-13,0,	0.998027,0.0627591,0
0.01,	0,0,0,	-5.19991,6.86623e-13,0,	0.997612,0.0690255,0
0.011,	0,0,0,	-5.19989,8.92621e-13,0,	0.997159,0.0752891,0
0.012,	0,0,0,	-5.19988,1.13608e-12,0,	0.996666,0.0815498,0
0.013,	0,0,0,	-5.19986,1.42012e-12,0,	0.996133,0.0878072,0
0.014,	0,0,0,	-5.19984,1.74786e-12,0,	0.995562,0.0940612,0
0.015,	0,0,0,	-5.19981,2.12244e-12,0,	0.994951,0.100311,0
0.016,	0,0,0,	-5.19979,2.54697e-12,0,	0.994301,0.106558,0
0.017,	0,0,0,	-5.19976,3.02458e-12,0,	0.993611,0.1128,0
0.018,	0,0,0,	-5.19974,3.5584e-12,0,	0.992882,0.119038,0
0.019,	0,0,0,	-5.19971,4.15155e-12,0,	0.992114,0.125271,0
0.02,	0,0,0,	-5.19968,4.80716e-12,0,	0.991307,0.131499,0
0.021,	0,0,0,	-5.19965,5.52836e-12,0,	0.990461,0.137721,0
0.022,	0,0,0,	-5.19961,6.31827e-12,0,	0.989576,0.143939,0
0.023,	0,0,0,	-5.19958,7.18003e-12,0,	0.988651,0.15015,0
0.024,	0,0,0,	-5.19954,8.11676e-12,0,	0.987688,0.156356,0
0.025,	0,0,0,	-5.19951,9.1316e-12,0,	0.986685,0.162556,0
0.026,	0,0,0,	-5.19947,1.02277e-11,0,	0.985644,0.168749,0
0.027,	0,0,0,	-5.19943,1.14081e-11,0,	0.984564,0.174935,0
0.028,	0,0,0,	-5.19939,1.26761e-11,0,	0.983445,0.181115,0
0.029,	0,0,0,	-5.19934,1.40346e-11,0,	0.982287,0.187288,0
0.03,	0,0,0,	-5.1993,1.5487e-11,0,	0.98109,0.193453,0
0.031,	0,0,0,	-5.19925,1.70362e-11,0,	0.979854,0.19961,0
0.032,	0,0,0,	-5.1992,1.86855e-11,0,	0.97858,0.20576,0
0.033,	0,0,0,	-5.19916,2.0438e-11,0,	0.977267,0.211901,0
0.034,	0,0,0,	-5.19911,2.22968e-11,0,	0.975916,0.218034,0
0.035,	0,0,0,	-5.19905,2.42651e-11,0,	0.974526,0.224158,0
0.036,	0,0,0,	-5.199,2.63459e-11,0,	0.973097,0.230274,0
0.037,	0,0,0,	-5.19895,2.85425e-11,0,	0.971631,0.236381,0
0.038,	0,0,0,	-5.19889,3.0858e-11,0,	0.970125,0.242478,0
0.039,	0,0,0,	-5.19883,3.32955e-11,0,	0.968582,0.248565,0
0.04,	0,0,0,	-5.19877,3.58582e-11,0,	0.967,0.254643,0
0.041,	0,0,0,	-5.19871,3.85493e-11,0,	0.96538,0.260711,0
0.042,	0,0,0,	-5.19865,4.13717e-11,0,	0.963722,0.266768,0
0.043,	0,0,0,	-5.19859,4.43289e-11,0,	0.962026,0.272815,0
0.044,	0,0,0,	-5.19852,4.74237e-11,0,	0.960292,0.278851,0
0.045,	0,0,0,	-5.19846,5.06595e-11,0,	0.95852,0.284876,0
0.046,	0,0,0,	-5.19839,5.40394e-11,0,	0.95671,0.29089,0
0.047,	0,0,0,	-5.19832,5.75666e-11,0,	0.954862,0.296893,0
0.048,	0,0,0,	-5.19825,6.12441e-11,0,	0.952977,0.302883,0
0.049,	0,0,0,	-5.19817,6.50751e-11,0,	0.951054,0.308862,0
0.05,	0,0,0,	-5.1981,6.90629e-11,0,	0.949093,0.314829,0
0.051,	0,0,0,	-5.19803,7.32105e-11,0,	0.947095,0.320783,0
0.052,	0,0,0,	-5.19795,7.75212e-11,0,	0.94506,0.326724,0
0.053,	0,0,0,	-5.19787,8.19981e-11,0,	0.942987,0.332653,0
0.054,	0,0,0,	-5.19779,8.66443e-11,0,	0.940877,0.338568,0
0.055,	0,0,0,	-5.19771,9.1463e-11,0,	0.93873,0.34447,0
0.056,	0,0,0,	-5.19763,9.64575e-11,0,	0.936546,0.350358,0
0.057,	0,0,0,	-5.19754,1.01631e-10,0,	0.934325,0.356233,0
0.058,	0,0,0,	-5.19746,1.06986e-10,0,	0.932067,0.362094,0
0.059,	0,0,0,	-5.19737,1.12527e-10,0,	0.929772,0.36794,0
0.06,	0,0,0,	-5.19728,1.18256e-10,0,	0.92744,0.373771,0
0.061,	0,0,0,	-5.19719,1.24176e-10,0,	0.925072,0.379588,0
0.062,	0,0,0,	-5.1971,1.30292e-10,0,	0.922668,0.38539,0
0.063,	0,0,0,	-5.19701,1.36605e-10,0,	0.920226,0.391177,0
0.064,	0,0,0,	-5.19692,1.43119e-10,0,	0.917749,0.396948,0
0.065,	0,0,0,	-5.19682,1.49838e-10,0,	0.915235,0.402704,0
0.066,	0,0,0,	-5.19672,1.56764e-10,0,	0.912685,0.408444,0
0.067,	0,0,0,	-5.19662,1.63901e-10,0,	0.910099,0.414167,0
0.068,	0,0,0,	-5.19652,1.71252e-10,0,	0.907478,0.419874,0
0.069,	0,0,0,	-5.19642,1.78819e-10,0,	0.90482,0.425565,0
0.07,	0,0,0,	-5.19632,1.86607e-10,0,	0.902126,0.431239,0
0.071,	0,0,0,	-5.19621,1.94619e-10,0,	0.899397,0.436896,0
0.072,	0,0,0,	-5.19611,2.02857e-10,0,	0.896633,0.442535,0
0.073,	0,0,0,	-5.196,2.11325e-10,0,	0.893833,0.448157,0
0.074,	0,0,0,	-5.19589,2.20026e-10,0,	0.890997,0.453761,0
0.075,	0,0,0,	-5.19578,2.28963e-10,0,	0.888127,0.459348,0
0.076,	0,0,0,	-5.19567,2.3814e-10,0,	0.885221,0.464916,0
0.077,	0,0,0,	-5.19556,2.47559e-10,0,	0.882281,0.470466,0
0.078,	0,0,0,	-5.19544,2.57225e-10,0,	0.879306,0.475998,0
0.079,	0,0,0,	-5.19533,2.67139e-10,0,	0.876296,0.48151,0
0.08,	0,0,0,	-5.19521,2.77306e-10,0,	0.873251,0.487004,0
0.081,	0,0,0,	-5.19509,2.87728e-10,0,	0.870172,0.492478,0
0.082,	0,0,0,	-5.19497,2.98409e-10,0,	0.867058,0.497933,0
0.083,	0,0,0,	-5.19485,3.09352e-10,0,	0.86391,0.503368,0
0.084,	0,0,0,	-5.19472,3.20561e-10,0,	0.860728,0.508783,0
0.085,	0,0,0,	-5.1946,3.32037e-10,0,	0.857513,0.514179,0
0.086,	0,0,0,	-5.19447,3.43786e-10,0,	0.854263,0.519553,0
0.087,	0,0,0,	-5.19434,3.55809e-10,0,	0.850979,0.524908,0
0.088,	0,0,0,	-5.19422,3.68111e-10,0,	0.847662,0.530241,0
0.089,	0,0,0,	-5.19408,3.80693e-10,0,	0.844312,0.535554,0
0.09,	0,0,0,	-5.19395,3.93561e-10,0,	0.840928,0.540846,0
0.091,	0,0,0,	-5.19382,4.06716e-10,0,	0.83751,0.546116,0
0.092,	0,0,0,	-5.19368,4.20162e-10,0,	0.83406,0.551365,0
0.093,	0,0,0,	-5.19355,4.33903e-10,0,	0.830577,0.556591,0
0.094,	0,0,0,	-5.19341,4.47941e-10,0,	0.827061,0.561796,0
0.095,	0,0,0,	-5.19327,4.6228e-10,0,	0.823512,0.566979,0
0.096,	0,0,0,	-5.19313,4.76924e-10,0,	0.819931,0.572139,0
0.097,	0,0,0,	-5.19299,4.91874e-10,0,	0.816317,0.577277,0
0.098,	0,0,0,	-5.19284,5.07135e-10,0,	0.812672,0.582392,0
0.099,	0,0,0,	-5.1927,5.22711e-10,0,	0.808994,0.587484,0
0.1,	0,0,0,	-5.19255,5.38603e-10,0,	0.805284,0.592552,0
0.101,	0,0,0,	-5.1924,5.54815e-10,0,	0.801542,0.597598,0
0.102,	0,0,0,	-5.19225,5.71352e-10,0,	0.797769,0.602619,0
0.103,	0,0,0,	-5.1921,5.88215e-10,0,	0.793964,0.607617,0
0.104,	0,0,0,	-5.19195,6.05408e-10,0,	0.790127,0.612591,0
0.105,	0,0,0,	-5.19179,6.22935e-10,0,	0.78626,0.617541,0
0.106,	0,0,0,	-5.19164,6.40799e-10,0,	0.782361,0.622466,0
0.107,	0,0,0,	-5.19148,6.59002e-10,0,	0.778432,0.627367,0
0.108,	0,0,0,	-5.19132,6.77549e-10,0,	0.774472,0.632242,0
0.109,	0,0,0,	-5.19116,6.96443e-10,0,	0.770481,0.637093,0
0.11,	0,0,0,	-5.191,7.15687e-10,0,	0.76646,0.641919,0
0.111,	0,0,0,	-5.19084,7.35283e-10,0,	0.762408,0.646719,0
0.112,	0,0,0,	-5.19067,7.55237e-10,0,	0.758327,0.651494,0
0.113,	0,0,0,	-5.19051,7.7555e-10,0,	0.754215,0.656243,0
0.114,	0,0,0,	-5.19034,7.96226e-10,0,	0.750074,0.660966,0
0.115,	0,0,0,	-5.19017,8.17268e-10,0,	0.745903,0.665663,0
0.116,	0,0,0,	-5.19,8.3868e-10,0,	0.741702,0.670334,0
0.117,	0,0,0,	-5.18983,8.60465e-10,0,	0.737472,0.674978,0
0.118,	0,0,0,	-5.18966,8.82627e-10,0,	0.733213,0.679596,0
0.119,	0,0,0,	-5.18948,9.05168e-10,0,	0.728925,0.684187,0
0.12,	0,0,0,	-5.1893,9.28092e-10,0,	0.724609,0.68875,0
0.121,	0,0,0,	-5.18913,9.51402e-10,0,	0.720263,0.693287,0
0.122,	0,0,0,	-5.18895,9.75102e-10,0,	0.71589,0.697796,0
0.123,	0,0,0,	-5.18877,9.99194e-10,0,	0.711487,0.702278,0
0.124,	0,0,0,	-5.18859,1.02368e-09,0,	0.707057,0.706731,0
0.125,	0,0,0,	-5.1884,1.04857e-09,0,	0.702599,0.711157,0
0.126,	0,0,0,	-5.18822,1.07386e-09,0,	0.698113,0.715555,0
0.127,	0,0,0,	-5.18803,1.09956e-09,0,	0.6936,0.719924,0
0.128,	0,0,0,	-5.18784,1.12567e-09,0,	0.689059,0.724265,0
0.129,	0,0,0,	-5.18765,1.15219e-09,0,	0.684491,0.728578,0
0.13,	0,0,0,	-5.18746,1.17912e-09,0,	0.679895,0.732861,0
0.131,	0,0,0,	-5.18727,1.20648e-09,0,	0.675273,0.737116,0
0.132,	0,0,0,	-5.18708,1.23426e-09,0,	0.670625,0.741342,0
0.133,	0,0,0,	-5.18688,1.26246e-09,0,	0.665949,0.745538,0
0.134,	0,0,0,	-5.18668,1.29109e-09,0,	0.661248,0.749705,0
0.135,	0,0,0,	-5.18649,1.32016e-09,0,	0.65652,0.753842,0
0.136,	0,0,0,	-5.18629,1.34966e-09,0,	0.651766,0.757949,0
0.137,	0,0,0,	-5.18609,1.37961e-09,0,	0.646987,0.762026,0
0.138,	0,0,0,	-5.18588,1.40999e-09,0,	0.642182,0.766074,0
0.139,	0,0,0,	-5.18568,1.44082e-09,0,	0.637352,0.770091,0
0.14,	0,0,0,	-5.18547,1.47211e-09,0,	0.632496,0.774077,0
0.141,	0,0,0,	-5.18527,1.50384e-09,0,	0.627616,0.778033,0
0.142,	0,0,0,	-5.18506,1.53603e-09,0,	0.62271,0.781958,0
0.143,	0,0,0,	-5.18485,1.56868e-09,0,	0.61778,0.785853,0
0.144,	0,0,0,	-5.18464,1.6018e-09,0,	0.612826,0.789716,0
0.145,	0,0,0,	-5.18442,1.63538e-09,0,	0.607847,0.793548,0
0.146,	0,0,0,	-5.18421,1.66943e-09,0,	0.602845,0.797349,0
0.147,	0,0,0,	-5.18399,1.70395e-09,0,	0.597818,0.801118,0
0.148,	0,0,0,	-5.18378,1.73895e-09,0,	0.592768,0.804855,0
0.149,	0,0,0,	-5.18356,1.77443e-09,0,	0.587694,0.808561,0
0.15,	0,0,0,	-5.18334,1.81039e-09,0,	0.582598,0.812235,0
0.151,	0,0,0,	-5.18312,1.84684e-09,0,	0.577478,0.815876,0
0.152,	0,0,0,	-5.18289,1.88378e-09,0,	0.572335,0.819485,0
0.153,	0,0,0,	-5.18267,1.92122e-09,0,	0.56717,0.823062,0
0.154,	0,0,0,	-5.18244,1.95915e-09,0,	0.561982,0.826607,0
0.155,	0,0,0,	-5.18221,1.99758e-09,0,	0.556772,0.830119,0
0.156,	0,0,0,	-5.18199,2.03651e-09,0,	0.551541,0.833597,0
0.157,	0,0,0,	-5.18175,2.07595e-09,0,	0.546287,0.837043,0
0.158,	0,0,0,	-5.18152,2.11591e-09,0,	0.541012,0.840456,0
0.159,	0,0,0,	-5.18129,2.15637e-09,0,	0.535715,0.843836,0
0.16,	0,0,0,	-5.18105,2.19735e-09,0,	0.530397,0.847182,0
0.161,	0,0,0,	-5.18082,2.23886e-09,0,	0.525058,0.850495,0
0.162,	0,0,0,	-5.18058,2.28089e-09,0,	0.519699,0.853774,0
0.163,	0,0,0,	-5.18034,2.32344e-09,0,	0.514318,0.85702,0
0.164,	0,0,0,	-5.1801,2.36653e-09,0,	0.508918,0.860231,0
0.165,	0,0,0,	-5.17986,2.41015e-09,0,	0.503497,0.863409,0
0.166,	0,0,0,	-5.17961,2.45431e-09,0,	0.498057,0.866552,0
0.167,	0,0,0,	-5.17937,2.499e-09,0,	0.492597,0.869661,0
0.168,	0,0,0,	-5.17912,2.54425e-09,0,	0.487117,0.872736,0
0.169,	0,0,0,	-5.17887,2.59004e-09,0,	0.481618,0.875776,0
0.17,	0,0,0,	-5.17862,2.63638e-09,0,	0.4761,0.878782,0
0.171,	0,0,0,	-5.17837,2.68328e-09,0,	0.470563,0.881752,0
0.172,	0,0,0,	-5.17812,2.73073e-09,0,	0.465008,0.884688,0
0.173,	0,0,0,	-5.17787,2.77875e-09,0,	0.459434,0.887589,0
0.174,	0,0,0,	-5.17761,2.82733e-09,0,	0.453842,0.890455,0
0.175,	0,0,0,	-5.17735,2.87648e-09,0,	0.448232,0.893286,0
0.176,	0,0,0,	-5.1771,2.9262e-09,0,	0.442604,0.896081,0
0.177,	0,0,0,	-5.17684,2.9765e-09,0,	0.436959,0.898841,0
0.178,	0,0,0,	-5.17657,3.02737e-09,0,	0.431297,0.901566,0
0.179,	0,0,0,	-5.17631,3.07883e-09,0,	0.425617,0.904254,0
0.18,	0,0,0,	-5.17605,3.13087e-09,0,	0.419921,0.906907,0
0.181,	0,0,0,	-5.17578,3.1835e-09,0,	0.414208,0.909524,0
0.182,	0,0,0,	-5.17551,3.23672e-09,0,	0.408478,0.912105,0
0.183,	0,0,0,	-5.17525,3.29054e-09,0,	0.402733,0.914651,0
0.184,	0,0,0,	-5.17498,3.34496e-09,0,	0.396972,0.917159,0
0.185,	0,0,0,	-5.1747,3.39997e-09,0,	0.391194,0.919632,0
0.186,	0,0,0,	-5.17443,3.4556e-09,0,	0.385402,0.922068,0
0.187,	0,0,0,	-5.17416,3.51183e-09,0,	0.379594,0.924468,0
0.188,	0,0,0,	-5.17388,3.56868e-09,0,	0.373771,0.926831,0
0.189,	0,0,0,	-5.1736,3.62614e-09,0,	0.367933,0.929158,0
0.19,	0,0,0,	-5.17332,3.68422e-09,0,	0.362081,0.931447,0
0.191,	0,0,0,	-5.17304,3.74293e-09,0,	0.356215,0.9337,0
0.192,	0,0,0,	-5.17276,3.80226e-09,0,	0.350334,0.935916,0
0.193,	0,0,0,	-5.17248,3.86222e-09,0,	0.34444,0.938095,0
0.194,	0,0,0,	-5.17219,3.92281e-09,0,	0.338532,0.940237,0
0.195,	0,0,0,	-5.17191,3.98404e-09,0,	0.33261,0.942342,0
0.196,	0,0,0,	-5.17162,4.04591e-09,0,	0.326675,0.944409,0
0.197,	0,0,0,	-5.17133,4.10842e-09,0,	0.320728,0.946439,0
0.198,	0,0,0,	-5.17104,4.17158e-09,0,	0.314768,0.948432,0
0.199,	0,0,0,	-5.17075,4.23538e-09,0,	0.308795,0.950387,0
0.2,	0,0,0,	-5.17045,4.29984e-09,0,	0.30281,0.952304,0
0.201,	0,0,0,	-5.17016,4.36496e-09,0,	0.296813,0.954184,0
0.202,	0,0,0,	-5.16986,4.43074e-09,0,	0.290804,0.956026,0
0.203,	0,0,0,	-5.16956,4.49718e-09,0,	0.284784,0.95783,0
0.204,	0,0,0,	-5.16926,4.56429e-09,0,	0.278753,0.959597,0
0.205,	0,0,0,	-5.16896,4.63207e-09,0,	0.27271,0.961325,0
0.206,	0,0,0,	-5.16866,4.70052e-09,0,	0.266657,0.963015,0
0.207,	0,0,0,	-5.16835,4.76964e-09,0,	0.260593,0.964667,0
0.208,	0,0,0,	-5.16805,4.83945e-09,0,	0.254519,0.966281,0
0.209,	0,0,0,	-5.16774,4.90994e-09,0,	0.248435,0.967857,0
0.21,	0,0,0,	-5.16743,4.98112e-09,0,	0.242341,0.969395,0
0.211,	0,0,0,	-5.16712,5.05299e-09,0,	0.236237,0.970894,0
0.212,	0,0,0,	-5.16681,5.12555e-09,0,	0.230124,0.972355,0
0.213,	0,0,0,	-5.1665,5.19881e-09,0,	0.224002,0.973777,0
0.214,	0,0,0,	-5.16618,5.27277e-09,0,	0.217871,0.975161,0
0.215,	0,0,0,	-5.16587,5.34743e-09,0,	0.211732,0.976506,0
0.216,	0,0,0,	-5.16555,5.4228e-09,0,	0.205584,0.977812,0
0.217,	0,0,0,	-5.16523,5.49888e-09,0,	0.199428,0.97908,0
0.218,	0,0,0,	-5.16491,5.57567e-09,0,	0.193264,0.980309,0
0.219,	0,0,0,	-5.16459,5.65318e-09,0,	0.187092,0.981499,0
0.22,	0,0,0,	-5.16426,5.73141e-09,0,	0.180913,0.982651,0
0.221,	0,0,0,	-5.16394,5.81036e-09,0,	0.174727,0.983763,0
0.222,	0,0,0,	-5.16361,5.89004e-09,0,	0.168534,0.984837,0
0.223,	0,0,0,	-5.16328,5.97045e-09,0,	0.162334,0.985871,0
0.224,	0,0,0,	-5.16296,6.0516e-09,0,	0.156128,0.986867,0
0.225,	0,0,0,	-5.16262,6.13348e-09,0,	0.149915,0.987823,0
0.226,	0,0,0,	-5.16229,6.2161e-09,0,	0.143697,0.988741,0
0.227,	0,0,0,	-5.16196,6.29946e-09,0,	0.137473,0.989619,0
0.228,	0,0,0,	-5.16162,6.38357e-09,0,	0.131244,0.990458,0
0.229,	0,0,0,	-5.16129,6.46842e-09,0,	0.125009,0.991258,0
0.23,	0,0,0,	-5.16095,6.55403e-09,0,	0.118769,0.992018,0
0.231,	0,0,0,	-5.16061,6.6404e-09,0,	0.112525,0.99274,0
0.232,	0,0,0,	-5.16027,6.72753e-09,0,	0.106276,0.993422,0
0.233,	0,0,0,	-5.15993,6.81541e-09,0,	0.100023,0.994065,0
0.234,	0,0,0,	-5.15958,6.90407e-09,0,	0.0937663,0.994668,0
0.235,	0,0,0,	-5.15924,6.99349e-09,0,	0.0875057,0.995232,0
0.236,	0,0,0,	-5.15889,7.08368e-09,0,	0.0812416,0.995757,0
0.237,	0,0,0,	-5.15854,7.17465e-09,0,	0.0749743,0.996242,0
0.238,	0,0,0,	-5.15819,7.2664e-09,0,	0.068704,0.996688,0
0.239,	0,0,0,	-5.15784,7.35893e-09,0,	0.0624309,0.997094,0
0.24,	0,0,0,	-5.15748,7.45224e-09,0,	0.0561555,0.997461,0
0.241,	0,0,0,	-5.15713,7.54634e-09,0,	0.0498777,0.997788,0
0.242,	0,0,0,	-5.15677,7.64124e-09,0,	0.0435981,0.998076,0
0.243,	0,0,0,	-5.15642,7.73692e-09,0,	0.0373166,0.998324,0
0.244,	0,0,0,	-5.15606,7.8334e-09,0,	0.0310337,0.998533,0
0.245,	0,0,0,	-5.1557,7.93069e-09,0,	0.0247496,0.998702,0
0.246,	0,0,0,	-5.15534,8.02877e-09,0,	0.0184645,0.998832,0
0.247,	0,0,0,	-5.15497,8.12767e-09,0,	0.0121787,0.998922,0
0.248,	0,0,0,	-5.15461,8.22737e-09,0,	0.00589234,0.998973,0
0.249,	0,0,0,	-5.15424,8.32788e-09,0,	-0.000394214,0.998984,0
0.25,	0,0,0,	-5.15387,8.42921e-09,0,	-0.00668076,0.998955,0
0.251,	0,0,0,	-5.1535,8.53136e-09,0,	-0.012967,0.998887,0
0.252,	0,0,0,	-5.15313,8.63433e-09,0,	-0.0192528,0.99878,0
0.253,	0,0,0,	-5.15276,8.73812e-09,0,	-0.0255378,0.998632,0
0.254,	0,0,0,	-5.15239,8.84274e-09,0,	-0.0318218,0.998446,0
0.255,	0,0,0,	-5.15201,8.94819e-09,0,	-0.0381045,0.998219,0
0.256,	0,0,0,	-5.15163,9.05448e-09,0,	-0.0443858,0.997953,0
0.257,	0,0,0,	-5.15126,9.1616e-09,0,	-0.0506653,0.997648,0
0.258,	0,0,0,	-5.15088,9.26956e-09,0,	-0.0569427,0.997303,0
0.259,	0,0,0,	-5.15049,9.37836e-09,0,	-0.0632179,0.996919,0
0.26,	0,0,0,	-5.15011,9.488e-09,0,	-0.0694907,0.996495,0
0.261,	0,0,0,	-5.14973,9.5985e-09,0,	-0.0757606,0.996032,0
0.262,	0,0,0,	-5.14934,9.70984e-09,0,	-0.0820276,0.995529,0
0.263,	0,0,0,	-5.14895,9.82204e-09,0,	-0.0882913,0.994987,0
0.264,	0,0,0,	-5.14857,9.93509e-09,0,	-0.0945515,0.994405,0
0.265,	0,0,0,	-5.14818,1.0049e-08,0,	-0.100808,0.993784,0
0.266,	0,0,0,	-5.14778,1.01638e-08,0,	-0.10706,0.993124,0
0.267,	0,0,0,	-5.14739,1.02794e-08,0,	-0.113309,0.992424,0
0.268,	0,0,0,	-5.147,1.03959e-08,0,	-0.119552,0.991685,0
0.269,	0,0,0,	-5.1466,1.05133e-08,0,	-0.125791,0.990907,0
0.27,	0,0,0,	-5.1462,1.06315e-08,0,	-0.132026,0.990089,0
0.271,	0,0,0,	-5.1458,1.07507e-08,0,	-0.138254,0.989233,0
0.272,	0,0,0,	-5.1454,1.08707e-08,0,	-0.144478,0.988337,0
0.273,	0,0,0,	-5.145,1.09916e-08,0,	-0.150695,0.987402,0
0.274,	0,0,0,	-5.1446,1.11133e-08,0,	-0.156907,0.986427,0
0.275,	0,0,0,	-5.14419,1.1236e-08,0,	-0.163112,0.985414,0
0.276,	0,0,0,	-5.14378,1.13595e-08,0,	-0.169311,0.984362,0
0.277,	0,0,0,	-5.14338,1.14839e-08,0,	-0.175504,0.98327,0
0.278,	0,0,0,	-5.14297,1.16093e-08,0,	-0.181689,0.98214,0
0.279,	0,0,0,	-5.14256,1.17355e-08,0,	-0.187867,0.980971,0
0.28,	0,0,0,	-5.14214,1.18626e-08,0,	-0.194038,0.979763,0
0.281,	0,0,0,	-5.14173,1.19906e-08,0,	-0.200201,0.978516,0
0.282,	0,0,0,	-5.14131,1.21195e-08,0,	-0.206356,0.97723,0
0.283,	0,0,0,	-5.1409,1.22494e-08,0,	-0.212503,0.975906,0
0.284,	0,0,0,	-5.14048,1.23801e-08,0,	-0.218641,0.974543,0
0.285,	0,0,0,	-5.14006,1.25117e-08,0,	-0.224771,0.973141,0
0.286,	0,0,0,	-5.13964,1.26443e-08,0,	-0.230892,0.971701,0
0.287,	0,0,0,	-5.13921,1.27778e-08,0,	-0.237004,0.970222,0
0.288,	0,0,0,	-5.13879,1.29122e-08,0,	-0.243106,0.968705,0
0.289,	0,0,0,	-5.13836,1.30475e-08,0,	-0.249199,0.967149,0
0.29,	0,0,0,	-5.13794,1.31837e-08,0,	-0.255281,0.965555,0
0.291,	0,0,0,	-5.13751,1.33208e-08,0,	-0.261354,0.963923,0
0.292,	0,0,0,	-5.13708,1.34589e-08,0,	-0.267417,0.962253,0
0.293,	0,0,0,	-5.13664,1.35979e-08,0,	-0.273468,0.960544,0
0.294,	0,0,0,	-5.13621,1.37379e-08,0,	-0.279509,0.958798,0
0.295,	0,0,0,	-5.13578,1.38787e-08,0,	-0.285539,0.957013,0
0.296,	0,0,0,	-5.13534,1.40205e-08,0,	-0.291558,0.955191,0
0.297,	0,0,0,	-5.1349,1.41633e-08,0,	-0.297565,0.95333,0
0.298,	0,0,0,	-5.13446,1.43069e-08,0,	-0.30356,0.951432,0
0.299,	0,0,0,	-5.13402,1.44516e-08,0,	-0.309543,0.949496,0
0.3,	0,0,0,	-5.13358,1.45971e-08,0,	-0.315514,0.947523,0
0.301,	0,0,0,	-5.13313,1.47436e-08,0,	-0.321472,0.945512,0
0.302,	0,0,0,	-5.13269,1.48911e-08,0,	-0.327418,0.943463,0
0.303,	0,0,0,	-5.13224,1.50395e-08,0,	-0.333351,0.941377,0
0.304,	0,0,0,	-5.13179,1.51888e-08,0,	-0.33927,0.939254,0
0.305,	0,0,0,	-5.13134,1.53391e-08,0,	-0.345176,0.937094,0
0.306,	0,0,0,	-5.13089,1.54903e-08,0,	-0.351069,0.934896,0
0.307,	0,0,0,	-5.13044,1.56425e-08,0,	-0.356947,0.932661,0
0.308,	0,0,0,	-5.12998,1.57957e-08,0,	-0.362811,0.93039,0
0.309,	0,0,0,	-5.12953,1.59498e-08,0,	-0.368661,0.928081,0
0.31,	0,0,0,	-5.12907,1.61049e-08,0,	-0.374497,0.925736,0
0.311,	0,0,0,	-5.12861,1.62609e-08,0,	-0.380317,0.923354,0
0.312,	0,0,0,	-5.12815,1.64179e-08,0,	-0.386122,0.920935,0
0.313,	0,0,0,	-5.12769,1.65759e-08,0,	-0.391912,0.91848,0
0.314,	0,0,0,	-5.12723,1.67348e-08,0,	-0.397687,0.915988,0
0.315,	0,0,0,	-5.12676,1.68947e-08,0,	-0.403446,0.913461,0
0.316,	0,0,0,	-5.12629,1.70555e-08,0,	-0.409189,0.910896,0
0.317,	0,0,0,	-5.12583,1.72173e-08,0,	-0.414915,0.908296,0
0.318,	0,0,0,	-5.12536,1.73801e-08,0,	-0.420625,0.90566,0
0.319,	0,0,0,	-5.12489,1.75439e-08,0,	-0.426319,0.902988,0
0.32,	0,0,0,	-5.12441,1.77086e-08,0,	-0.431995,0.90028,0
0.321,	0,0,0,	-5.12394,1.78743e-08,0,	-0.437655,0.897536,0
0.322,	0,0,0,	-5.12346,1.8041e-08,0,	-0.443297,0.894757,0
0.323,	0,0,0,	-5.12299,1.82086e-08,0,	-0.448921,0.891943,0
0.324,	0,0,0,	-5.12251,1.83773e-08,0,	-0.454528,0.889093,0
0.325,	0,0,0,	-5.12203,1.85469e-08,0,	-0.460116,0.886207,0
0.326,	0,0,0,	-5.12155,1.87174e-08,0,	-0.465687,0.883287,0
0.327,	0,0,0,	-5.12106,1.8889e-08,0,	-0.471239,0.880331,0
0.328,	0,0,0,	-5.12058,1.90615e-08,0,	-0.476772,0.877341,0
0.329,	0,0,0,	-5.12009,1.9235e-08,0,	-0.482286,0.874316,0
0.33,	0,0,0,	-5.11961,1.94095e-08,0,	-0.487782,0.871256,0
0.331,	0,0,0,	-5.11912,1.9585e-08,0,	-0.493257,0.868162,0
0.332,	0,0,0,	-5.11863,1.97615e-08,0,	-0.498714,0.865033,0
0.333,	0,0,0,	-5.11813,1.99389e-08,0,	-0.50415,0.86187,0
0.334,	0,0,0,	-5.11764,2.01173e-08,0,	-0.509567,0.858672,0
0.335,	0,0,0,	-5.11715,2.02967e-08,0,	-0.514963,0.855441,0
0.336,	0,0,0,	-5.11665,2.04771e-08,0,	-0.520339,0.852176,0
0.337,	0,0,0,	-5.11615,2.06584e-08,0,	-0.525695,0.848877,0
0.338,	0,0,0,	-5.11565,2.08408e-08,0,	-0.531029,0.845544,0
0.339,	0,0,0,	-5.11515,2.10241e-08,0,	-0.536342,0.842178,0
0.34,	0,0,0,	-5.11465,2.12084e-08,0,	-0.541635,0.838778,0
0.341,	0,0,0,	-5.11414,2.13937e-08,0,	-0.546905,0.835345,0
0.342,	0,0,0,	-5.11364,2.158e-08,0,	-0.552154,0.831879,0
0.343,	0,0,0,	-5.11313,2.17672e-08,0,	-0.557381,0.82838,0
0.344,	0,0,0,	-5.11262,2.19554e-08,0,	-0.562586,0.824848,0
0.345,	0,0,0,	-5.11211,2.21447e-08,0,	-0.567769,0.821283,0
0.346,	0,0,0,	-5.1116,2.23349e-08,0,	-0.572929,0.817686,0
0.347,	0,0,0,	-5.11109,2.2526e-08,0,	-0.578066,0.814056,0
0.348,	0,0,0,	-5.11057,2.27182e-08,0,	-0.583181,0.810394,0
0.349,	0,0,0,	-5.11006,2.29113e-08,0,	-0.588272,0.8067,0
0.35,	0,0,0,	-5.10954,2.31054e-08,0,	-0.59334,0.802974,0
0.351,	0,0,0,	-5.10902,2.33005e-08,0,	-0.598385,0.799216,0
0.352,	0,0,0,	-5.1085,2.34966e-08,0,	-0.603405,0.795427,0
0.353,	0,0,0,	-5.10798,2.36937e-08,0,	-0.608402,0.791605,0
0.354,	0,0,0,	-5.10745,2.38917e-08,0,	-0.613375,0.787753,0
0.355,	0,0,0,	-5.10693,2.40907e-08,0,	-0.618323,0.783869,0
0.356,	0,0,0,	-5.1064,2.42907e-08,0,	-0.623247,0.779954,0
0.357,	0,0,0,	-5.10587,2.44916e-08,0,	-0.628146,0.776008,0
0.358,	0,0,0,	-5.10534,2.46935e-08,0,	-0.63302,0.772031,0
0.359,	0,0,0,	-5.10481,2.48964e-08,0,	-0.637869,0.768024,0
0.36,	0,0,0,	-5.10428,2.51003e-08,0,	-0.642693,0.763986,0
0.361,	0,0,0,	-5.10374,2.53051e-08,0,	-0.647491,0.759918,0
0.362,	0,0,0,	-5.10321,2.55109e-08,0,	-0.652264,0.75582,0
0.363,	0,0,0,	-5.10267,2.57177e-08,0,	-0.657011,0.751692,0
0.364,	0,0,0,	-5.10213,2.59254e-08,0,	-0.661731,0.747534,0
0.365,	0,0,0,	-5.10159,2.61341e-08,0,	-0.666426,0.743346,0
0.366,	0,0,0,	-5.10105,2.63437e-08,0,	-0.671093,0.739129,0
0.367,	0,0,0,	-5.1005,2.65543e-08,0,	-0.675735,0.734882,0
0.368,	0,0,0,	-5.09996,2.67659e-08,0,	-0.680349,0.730607,0
0.369,	0,0,0,	-5.09941,2.69784e-08,0,	-0.684937,0.726302,0
0.37,	0,0,0,	-5.09887,2.71919e-08,0,	-0.689497,0.721969,0
0.371,	0,0,0,	-5.09832,2.74063e-08,0,	-0.69403,0.717606,0
0.372,	0,0,0,	-5.09776,2.76217e-08,0,	-0.698536,0.713216,0
0.373,	0,0,0,	-5.09721,2.7838e-08,0,	-0.703013,0.708797,0
0.374,	0,0,0,	-5.09666,2.80552e-08,0,	-0.707463,0.70435,0
0.375,	0,0,0,	-5.0961,2.82734e-08,0,	-0.711885,0.699875,0
0.376,	0,0,0,	-5.09555,2.84926e-08,0,	-0.716278,0.695372,0
0.377,	0,0,0,	-5.09499,2.87126e-08,0,	-0.720644,0.690842,0
0.378,	0,0,0,	-5.09443,2.89336e-08,0,	-0.72498,0.686284,0
0.379,	0,0,0,	-5.09386,2.91556e-08,0,	-0.729288,0.681699,0
0.38,	0,0,0,	-5.0933,2.93784e-08,0,	-0.733567,0.677087,0
0.381,	0,0,0,	-5.09274,2.96022e-08,0,	-0.737816,0.672448,0
0.382,	0,0,0,	-5.09217,2.9827e-08,0,	-0.742037,0.667782,0
0.383,	0,0,0,	-5.0916,3.00526e-08,0,	-0.746228,0.66309,0
0.384,	0,0,0,	-5.09103,3.02791e-08,0,	-0.750389,0.658372,0
0.385,	0,0,0,	-5.09046,3.05066e-08,0,	-0.754521,0.653627,0
0.386,	0,0,0,	-5.08989,3.0735e-08,0,	-0.758622,0.648857,0
0.387,	0,0,0,	-5.08932,3.09642e-08,0,	-0.762694,0.644061,0
0.388,	0,0,0,	-5.08874,3.11944e-08,0,	-0.766735,0.639239,0
0.389,	0,0,0,	-5.08816,3.14255e-08,0,	-0.770746,0.634392,0
0.39,	0,0,0,	-5.08759,3.16575e-08,0,	-0.774726,0.629519,0
0.391,	0,0,0,	-5.08701,3.18903e-08,0,	-0.778676,0.624622,0
0.392,	0,0,0,	-5.08642,3.21241e-08,0,	-0.782594,0.6197,0
0.393,	0,0,0,	-5.08584,3.23587e-08,0,	-0.786482,0.614753,0
0.394,	0,0,0,	-5.08526,3.25942e-08,0,	-0.790338,0.609782,0
0.395,	0,0,0,	-5.08467,3.28306e-08,0,	-0.794163,0.604787,0
0.396,	0,0,0,	-5.08408,3.30678e-08,0,	-0.797957,0.599768,0
0.397,	0,0,0,	-5.08349,3.3306e-08,0,	-0.801719,0.594724,0
0.398,	0,0,0,	-5.0829,3.35449e-08,0,	-0.805448,0.589658,0
0.399,	0,0,0,	-5.08231,3.37848e-08,0,	-0.809146,0.584568,0
0.4,	0,0,0,	-5.08172,3.40255e-08,0,	-0.812812,0.579454,0
0.401,	0,0,0,	-5.08112,3.4267e-08,0,	-0.816446,0.574318,0
0.402,	0,0,0,	-5.08052,3.45094e-08,0,	-0.820047,0.569159,0
0.403,	0,0,0,	-5.07993,3.47526e-08,0,	-0.823616,0.563977,0
0.404,	0,0,0,	-5.07933,3.49967e-08,0,	-0.827152,0.558773,0
0.405,	0,0,0,	-5.07873,3.52416e-08,0,	-0.830655,0.553547,0
0.406,	0,0,0,	-5.07812,3.54873e-08,0,	-0.834125,0.548298,0
0.407,	0,0,0,	-5.07752,3.57338e-08,0,	-0.837562,0.543028,0
0.408,	0,0,0,	-5.07691,3.59811e-08,0,	-0.840966,0.537737,0
0.409,	0,0,0,	-5.0763,3.62293e-08,0,	-0.844337,0.532424,0
0.41,	0,0,0,	-5.0757,3.64782e-08,0,	-0.847674,0.52709,0
0.411,	0,0,0,	-5.07508,3.6728e-08,0,	-0.850977,0.521735,0
0.412,	0,0,0,	-5.07447,3.69785e-08,0,	-0.854247,0.516359,0
0.413,	0,0,0,	-5.07386,3.72298e-08,0,	-0.857482,0.510963,0
0.414,	0,0,0,	-5.07324,3.74819e-08,0,	-0.860684,0.505547,0
0.415,	0,0,0,	-5.07263,3.77348e-08,0,	-0.863851,0.50011,0
0.416,	0,0,0,	-5.07201,3.79884e-08,0,	-0.866984,0.494654,0
0.417,	0,0,0,	-5.07139,3.82428e-08,0,	-0.870083,0.489178,0
0.418,	0,0,0,	-5.07077,3.8498e-08,0,	-0.873147,0.483682,0
0.419,	0,0,0,	-5.07014,3.87539e-08,0,	-0.876177,0.478168,0
0.42,	0,0,0,	-5.06952,3.90105e-08,0,	-0.879172,0.472634,0
0.421,	0,0,0,	-5.06889,3.92679e-08,0,	-0.882131,0.467082,0
0.422,	0,0,0,	-5.06827,3.9526e-08,0,	-0.885056,0.461511,0
0.423,	0,0,0,	-5.06764,3.97848e-08,0,	-0.887946,0.455922,0
0.424,	0,0,0,	-5.06701,4.00444e-08,0,	-0.8908,0.450314,0
0.425,	0,0,0,	-5.06638,4.03046e-08,0,	-0.89362,0.444689,0
0.426,	0,0,0,	-5.06574,4.05656e-08,0,	-0.896403,0.439046,0
0.427,	0,0,0,	-5.06511,4.08272e-08,0,	-0.899151,0.433386,0
0.428,	0,0,0,	-5.06447,4.10895e-08,0,	-0.901864,0.427708,0
0.429,	0,0,0,	-5.06383,4.13525e-08,0,	-0.90454,0.422014,0
0.43,	0,0,0,	-5.06319,4.16162e-08,0,	-0.907181,0.416303,0
0.431,	0,0,0,	-5.06255,4.18805e-08,0,	-0.909785,0.410575,0
0.432,	0,0,0,	-5.06191,4.21455e-08,0,	-0.912354,0.404831,0
0.433,	0,0,0,	-5.06126,4.24112e-08,0,	-0.914886,0.399071,0
0.434,	0,0,0,	-5.06062,4.26775e-08,0,	-0.917382,0.393295,0
0.435,	0,0,0,	-5.05997,4.29444e-08,0,	-0.919842,0.387503,0
0.436,	0,0,0,	-5.05932,4.32119e-08,0,	-0.922265,0.381696,0
0.437,	0,0,0,	-5.05867,4.34801e-08,0,	-0.924651,0.375874,0
0.438,	0,0,0,	-5.05802,4.37489e-08,0,	-0.927001,0.370037,0
0.439,	0,0,0,	-5.05737,4.40182e-08,0,	-0.929314,0.364185,0
0.44,	0,0,0,	-5.05671,4.42882e-08,0,	-0.93159,0.358319,0
0.441,	0,0,0,	-5.05605,4.45587e-08,0,	-0.933829,0.352439,0
0.442,	0,0,0,	-5.05539,4.48299e-08,0,	-0.936031,0.346544,0
0.443,	0,0,0,	-5.05474,4.51016e-08,0,	-0.938196,0.340636,0
0.444,	0,0,0,	-5.05407,4.53738e-08,0,	-0.940323,0.334714,0
0.445,	0,0,0,	-5.05341,4.56466e-08,0,	-0.942413,0.328779,0
0.446,	0,0,0,	-5.05275,4.592e-08,0,	-0.944466,0.322831,0
0.447,	0,0,0,	-5.05208,4.61938e-08,0,	-0.946482,0.31687,0
0.448,	0,0,0,	-5.05141,4.64682e-08,0,	-0.948459,0.310897,0
0.449,	0,0,0,	-5.05074,4.67431e-08,0,	-0.950399,0.304911,0
0.45,	0,0,0,	-5.05007,4.70186e-08,0,	-0.952302,0.298913,0
0.451,	0,0,0,	-5.0494,4.72945e-08,0,	-0.954166,0.292903,0
0.452,	0,0,0,	-5.04873,4.75709e-08,0,	-0.955993,0.286882,0
0.453,	0,0,0,	-5.04805,4.78477e-08,0,	-0.957782,0.280849,0
0.454,	0,0,0,	-5.04738,4.81251e-08,0,	-0.959532,0.274805,0
0.455,	0,0,0,	-5.0467,4.84029e-08,0,	-0.961245,0.26875,0
0.456,	0,0,0,	-5.04602,4.86811e-08,0,	-0.96292,0.262685,0
0.457,	0,0,0,	-5.04534,4.89598e-08,0,	-0.964556,0.256609,0
0.458,	0,0,0,	-5.04465,4.9239e-08,0,	-0.966154,0.250523,0
0.459,	0,0,0,	-5.04397,4.95185e-08,0,	-0.967713,0.244427,0
0.46,	0,0,0,	-5.04328,4.97984e-08,0,	-0.969234,0.238321,0
0.461,	0,0,0,	-5.04259,5.00788e-08,0,	-0.970717,0.232206,0
0.462,	0,0,0,	-5.0419,5.03595e-08,0,	-0.972161,0.226081,0
0.463,	0,0,0,	-5.04121,5.06407e-08,0,	-0.973567,0.219948,0
0.464,	0,0,0,	-5.04052,5.09221e-08,0,	-0.974934,0.213806,0
0.465,	0,0,0,	-5.03983,5.1204e-08,0,	-0.976262,0.207655,0
0.466,	0,0,0,	-5.03913,5.14862e-08,0,	-0.977551,0.201496,0
0.467,	0,0,0,	-5.03844,5.17687e-08,0,	-0.978802,0.195329,0
0.468,	0,0,0,	-5.03774,5.20516e-08,0,	-0.980013,0.189154,0
0.469,	0,0,0,	-5.03704,5.23348e-08,0,	-0.981186,0.182972,0
0.47,	0,0,0,	-5.03633,5.26183e-08,0,	-0.98232,0.176783,0
0.471,	0,0,0,	-5.03563,5.29021e-08,0,	-0.983415,0.170586,0
0.472,	0,0,0,	-5.03493,5.31861e-08,0,	-0.984471,0.164383,0
0.473,	0,0,0,	-5.03422,5.34705e-08,0,	-0.985488,0.158173,0
0.474,	0,0,0,	-5.03351,5.37551e-08,0,	-0.986465,0.151957,0
0.475,	0,0,0,	-5.0328,5.404e-08,0,	-0.987404,0.145735,0
0.476,	0,0,0,	-5.03209,5.43251e-08,0,	-0.988303,0.139507,0
0.477,	0,0,0,	-5.03138,5.46104e-08,0,	-0.989163,0.133274,0
0.478,	0,0,0,	-5.03067,5.4896e-08,0,	-0.989984,0.127035,0
0.479,	0,0,0,	-5.02995,5.51818e-08,0,	-0.990765,0.120792,0
0.48,	0,0,0,	-5.02923,5.54678e-08,0,	-0.991507,0.114543,0
0.481,	0,0,0,	-5.02851,5.57539e-08,0,	-0.99221,0.10829,0
0.482,	0,0,0,	-5.02779,5.60403e-08,0,	-0.992873,0.102033,0
0.483,	0,0,0,	-5.02707,5.63268e-08,0,	-0.993497,0.0957712,0
0.484,	0,0,0,	-5.02635,5.66135e-08,0,	-0.994082,0.0895059,0
0.485,	0,0,0,	-5.02562,5.69003e-08,0,	-0.994627,0.0832371,0
0.486,	0,0,0,	-5.0249,5.71872e-08,0,	-0.995132,0.076965,0
0.487,	0,0,0,	-5.02417,5.74743e-08,0,	-0.995598,0.0706899,0
0.488,	0,0,0,	-5.02344,5.77615e-08,0,	-0.996025,0.0644119,0
0.489,	0,0,0,	-5.02271,5.80487e-08,0,	-0.996412,0.0581314,0
0.49,	0,0,0,	-5.02197,5.83361e-08,0,	-0.996759,0.0518486,0
0.491,	0,0,0,	-5.02124,5.86235e-08,0,	-0.997067,0.0455637,0
0.492,	0,0,0,	-5.0205,5.8911e-08,0,	-0.997335,0.039277,0
0.493,	0,0,0,	-5.01977,5.91986e-08,0,	-0.997564,0.0329888,0
0.494,	0,0,0,	-5.01903,5.94862e-08,0,	-0.997753,0.0266992,0
0.495,	0,0,0,	-5.01829,5.97738e-08,0,	-0.997902,0.0204086,0
0.496,	0,0,0,	-5.01754,6.00614e-08,0,	-0.998012,0.0141172,0
0.497,	0,0,0,	-5.0168,6.03491e-08,0,	-0.998082,0.00782521,0
0.498,	0,0,0,	-5.01605,6.06367e-08,0,	-0.998113,0.00153291,0
0.499,	0,0,0,	-5.01531,6.09244e-08,0,	-0.998104,-0.00475945,0
0.5,	0,0,0,	-5.01456,6.1212e-08,0,	-0.998055,-0.0110516,0
0.501,	0,0,0,	-5.01381,6.14995e-08,0,	-0.997967,-0.0173434,0
0.502,	0,0,0,	-5.01306,6.17871e-08,0,	-0.997839,-0.0236344,0
0.503,	0,0,0,	-5.0123,6.20745e-08,0,	-0.997671,-0.0299245,0
0.504,	0,0,0,	-5.01155,6.23619e-08,0,	-0.997464,-0.0362134,0
0.505,	0,0,0,	-5.01079,6.26492e-08,0,	-0.997218,-0.0425009,0
0.506,	0,0,0,	-5.01003,6.29364e-08,0,	-0.996931,-0.0487867,0
0.507,	0,0,0,	-5.00928,6.32234e-08,0,	-0.996605,-0.0550705,0
0.508,	0,0,0,	-5.00851,6.35104e-08,0,	-0.99624,-0.0613522,0
0.509,	0,0,0,	-5.00775,6.37972e-08,0,	-0.995835,-0.0676314,0
0.51,	0,0,0,	-5.00699,6.40839e-08,0,	-0.99539,-0.073908,0
0.511,	0,0,0,	-5.00622,6.43705e-08,0,	-0.994906,-0.0801816,0
0.512,	0,0,0,	-5.00545,6.46568e-08,0,	-0.994383,-0.086452,0
0.513,	0,0,0,	-5.00468,6.4943e-08,0,	-0.993819,-0.092719,0
0.514,	0,0,0,	-5.00391,6.5229e-08,0,	-0.993217,-0.0989823,0
0.515,	0,0,0,	-5.00314,6.55148e-08,0,	-0.992575,-0.105242,0
0.516,	0,0,0,	-5.00237,6.58004e-08,0,	-0.991894,-0.111497,0
0.517,	0,0,0,	-5.00159,6.60857e-08,0,	-0.991173,-0.117748,0
0.518,	0,0,0,	-5.00082,6.63708e-08,0,	-0.990413,-0.123994,0
0.519,	0,0,0,	-5.00004,6.66557e-08,0,	-0.989614,-0.130235,0
0.52,	0,0,0,	-4.99926,6.69403e-08,0,	-0.988775,-0.136471,0
0.521,	0,0,0,	-4.99848,6.72247e-08,0,	-0.987897,-0.142702,0
0.522,	0,0,0,	-4.99769,6.75087e-08,0,	-0.98698,-0.148927,0
0.523,	0,0,0,	-4.99691,6.77925e-08,0,	-0.986024,-0.155146,0
0.524,	0,0,0,	-4.99612,6.80759e-08,0,	-0.985028,-0.161358,0
0.525,	0,0,0,	-4.99533,6.83591e-08,0,	-0.983994,-0.167565,0
0.526,	0,0,0,	-4.99454,6.86419e-08,0,	-0.98292,-0.173765,0
0.527,	0,0,0,	-4.99375,6.89243e-08,0,	-0.981807,-0.179958,0
0.528,	0,0,0,	-4.99296,6.92065e-08,0,	-0.980656,-0.186143,0
0.529,	0,0,0,	-4.99217,6.94882e-08,0,	-0.979465,-0.192322,0
0.53,	0,0,0,	-4.99137,6.97696e-08,0,	-0.978236,-0.198492,0
0.531,	0,0,0,	-4.99057,7.00506e-08,0,	-0.976968,-0.204655,0
0.532,	0,0,0,	-4.98977,7.03312e-08,0,	-0.975661,-0.21081,0
0.533,	0,0,0,	-4.98897,7.06114e-08,0,	-0.974315,-0.216956,0
0.534,	0,0,0,	-4.98817,7.08912e-08,0,	-0.972931,-0.223094,0
0.535,	0,0,0,	-4.98737,7.11705e-08,0,	-0.971508,-0.229223,0
0.536,	0,0,0,	-4.98656,7.14494e-08,0,	-0.970046,-0.235343,0
0.537,	0,0,0,	-4.98575,7.17279e-08,0,	-0.968546,-0.241453,0
0.538,	0,0,0,	-4.98495,7.20059e-08,0,	-0.967007,-0.247554,0
0.539,	0,0,0,	-4.98414,7.22834e-08,0,	-0.96543,-0.253645,0
0.54,	0,0,0,	-4.98332,7.25604e-08,0,	-0.963815,-0.259726,0
0.541,	0,0,0,	-4.98251,7.2837e-08,0,	-0.962162,-0.265797,0
0.542,	0,0,0,	-4.9817,7.3113e-08,0,	-0.96047,-0.271857,0
0.543,	0,0,0,	-4.98088,7.33886e-08,0,	-0.95874,-0.277906,0
0.544,	0,0,0,	-4.98006,7.36636e-08,0,	-0.956972,-0.283945,0
0.545,	0,0,0,	-4.97924,7.3938e-08,0,	-0.955167,-0.289972,0
0.546,	0,0,0,	-4.97842,7.4212e-08,0,	-0.953323,-0.295987,0
0.547,	0,0,0,	-4.9776,7.44853e-08,0,	-0.951441,-0.301991,0
0.548,	0,0,0,	-4.97677,7.47581e-08,0,	-0.949522,-0.307983,0
0.549,	0,0,0,	-4.97595,7.50303e-08,0,	-0.947565,-0.313962,0
0.55,	0,0,0,	-4.97512,7.5302e-08,0,	-0.94557,-0.319929,0
0.551,	0,0,0,	-4.97429,7.5573e-08,0,	-0.943538,-0.325884,0
0.552,	0,0,0,	-4.97346,7.58434e-08,0,	-0.941469,-0.331825,0
0.553,	0,0,0,	-4.97263,7.61132e-08,0,	-0.939362,-0.337754,0
0.554,	0,0,0,	-4.97179,7.63824e-08,0,	-0.937217,-0.343668,0
0.555,	0,0,0,	-4.97096,7.66509e-08,0,	-0.935036,-0.34957,0
0.556,	0,0,0,	-4.97012,7.69188e-08,0,	-0.932818,-0.355457,0
0.557,	0,0,0,	-4.96928,7.71861e-08,0,	-0.930562,-0.36133,0
0.558,	0,0,0,	-4.96844,7.74526e-08,0,	-0.928269,-0.367189,0
0.559,	0,0,0,	-4.9676,7.77185e-08,0,	-0.92594,-0.373034,0
0.56,	0,0,0,	-4.96675,7.79837e-08,0,	-0.923574,-0.378863,0
0.561,	0,0,0,	-4.96591,7.82483e-08,0,	-0.921171,-0.384678,0
0.562,	0,0,0,	-4.96506,7.85121e-08,0,	-0.918732,-0.390477,0
0.563,	0,0,0,	-4.96421,7.87752e-08,0,	-0.916256,-0.396261,0
0.564,	0,0,0,	-4.96336,7.90375e-08,0,	-0.913744,-0.402029,0
0.565,	0,0,0,	-4.96251,7.92992e-08,0,	-0.911196,-0.407781,0
0.566,	0,0,0,	-4.96166,7.95601e-08,0,	-0.908612,-0.413517,0
0.567,	0,0,0,	-4.9608,7.98202e-08,0,	-0.905991,-0.419236,0
0.568,	0,0,0,	-4.95995,8.00796e-08,0,	-0.903334,-0.424939,0
0.569,	0,0,0,	-4.95909,8.03382e-08,0,	-0.900642,-0.430625,0
0.57,	0,0,0,	-4.95823,8.05961e-08,0,	-0.897914,-0.436294,0
0.571,	0,0,0,	-4.95737,8.08531e-08,0,	-0.89515,-0.441946,0
0.572,	0,0,0,	-4.95651,8.11094e-08,0,	-0.892351,-0.44758,0
0.573,	0,0,0,	-4.95564,8.13649e-08,0,	-0.889517,-0.453196,0
0.574,	0,0,0,	-4.95478,8.16195e-08,0,	-0.886647,-0.458794,0
0.575,	0,0,0,	-4.95391,8.18734e-08,0,	-0.883742,-0.464374,0
0.576,	0,0,0,	-4.95304,8.21264e-08,0,	-0.880801,-0.469936,0
0.577,	0,0,0,	-4.95217,8.23786e-08,0,	-0.877826,-0.475479,0
0.578,	0,0,0,	-4.9513,8.26299e-08,0,	-0.874816,-0.481003,0
0.579,	0,0,0,	-4.95042,8.28804e-08,0,	-0.871772,-0.486508,0
0.58,	0,0,0,	-4.94955,8.313e-08,0,	-0.868692,-0.491994,0
0.581,	0,0,0,	-4.94867,8.33788e-08,0,	-0.865579,-0.49746,0
0.582,	0,0,0,	-4.94779,8.36266e-08,0,	-0.862431,-0.502907,0
0.583,	0,0,0,	-4.94691,8.38736e-08,0,	-0.859248,-0.508333,0
0.584,	0,0,0,	-4.94603,8.41198e-08,0,	-0.856032,-0.51374,0
0.585,	0,0,0,	-4.94514,8.4365e-08,0,	-0.852782,-0.519126,0
0.586,	0,0,0,	-4.94426,8.46093e-08,0,	-0.849498,-0.524491,0
0.587,	0,0,0,	-4.94337,8.48527e-08,0,	-0.84618,-0.529836,0
0.588,	0,0,0,	-4.94248,8.50952e-08,0,	-0.842829,-0.535159,0
0.589,	0,0,0,	-4.94159,8.53367e-08,0,	-0.839444,-0.540462,0
0.59,	0,0,0,	-4.9407,8.55774e-08,0,	-0.836026,-0.545743,0
0.591,	0,0,0,	-4.93981,8.58171e-08,0,	-0.832574,-0.551002,0
0.592,	0,0,0,	-4.93891,8.60558e-08,0,	-0.82909,-0.556239,0
0.593,	0,0,0,	-4.93801,8.62936e-08,0,	-0.825573,-0.561455,0
0.594,	0,0,0,	-4.93712,8.65304e-08,0,	-0.822023,-0.566648,0
0.595,	0,0,0,	-4.93622,8.67663e-08,0,	-0.81844,-0.571818,0
0.596,	0,0,0,	-4.93531,8.70012e-08,0,	-0.814825,-0.576966,0
0.597,	0,0,0,	-4.93441,8.72351e-08,0,	-0.811178,-0.582091,0
0.598,	0,0,0,	-4.93351,8.74681e-08,0,	-0.807498,-0.587193,0
0.599,	0,0,0,	-4.9326,8.77e-08,0,	-0.803787,-0.592272,0
0.6,	0,0,0,	-4.93169,8.7931e-08,0,	-0.800043,-0.597327,0
0.601,	0,0,0,	-4.93078,8.81609e-08,0,	-0.796268,-0.602359,0
0.602,	0,0,0,	-4.92987,8.83899e-08,0,	-0.792462,-0.607366,0
0.603,	0,0,0,	-4.92896,8.86178e-08,0,	-0.788623,-0.61235,0
0.604,	0,0,0,	-4.92804,8.88447e-08,0,	-0.784754,-0.617309,0
0.605,	0,0,0,	-4.92713,8.90706e-08,0,	-0.780853,-0.622243,0
0.606,	0,0,0,	-4.92621,8.92955e-08,0,	-0.776922,-0.627153,0
0.607,	0,0,0,	-4.92529,8.95193e-08,0,	-0.77296,-0.632039,0
0.608,	0,0,0,	-4.92437,8.97421e-08,0,	-0.768967,-0.636899,0
0.609,	0,0,0,	-4.92345,8.99639e-08,0,	-0.764943,-0.641734,0
0.61,	0,0,0,	-4.92252,9.01845e-08,0,	-0.760889,-0.646543,0
0.611,	0,0,0,	-4.9216,9.04042e-08,0,	-0.756805,-0.651327,0
0.612,	0,0,0,	-4.92067,9.06228e-08,0,	-0.752691,-0.656085,0
0.613,	0,0,0,	-4.91974,9.08403e-08,0,	-0.748547,-0.660816,0
0.614,	0,0,0,	-4.91881,9.10567e-08,0,	-0.744374,-0.665522,0
0.615,	0,0,0,	-4.91788,9.12721e-08,0,	-0.740171,-0.670201,0
0.616,	0,0,0,	-4.91694,9.14864e-08,0,	-0.735938,-0.674854,0
0.617,	0,0,0,	-4.91601,9.16996e-08,0,	-0.731677,-0.67948,0
0.618,	0,0,0,	-4.91507,9.19117e-08,0,	-0.727386,-0.684079,0
0.619,	0,0,0,	-4.91413,9.21228e-08,0,	-0.723067,-0.688651,0
0.62,	0,0,0,	-4.91319,9.23327e-08,0,	-0.718719,-0.693196,0
0.621,	0,0,0,	-4.91225,9.25415e-08,0,	-0.714342,-0.697713,0
0.622,	0,0,0,	-4.9113,9.27493e-08,0,	-0.709937,-0.702202,0
0.623,	0,0,0,	-4.91036,9.29559e-08,0,	-0.705504,-0.706664,0
0.624,	0,0,0,	-4.90941,9.31614e-08,0,	-0.701043,-0.711097,0
0.625,	0,0,0,	-4.90846,9.33658e-08,0,	-0.696554,-0.715502,0
0.626,	0,0,0,	-4.90751,9.35691e-08,0,	-0.692038,-0.719879,0
0.627,	0,0,0,	-4.90656,9.37713e-08,0,	-0.687494,-0.724228,0
0.628,	0,0,0,	-4.9056,9.39723e-08,0,	-0.682923,-0.728548,0
0.629,	0,0,0,	-4.90465,9.41722e-08,0,	-0.678325,-0.732839,0
0.63,	0,0,0,	-4.90369,9.4371e-08,0,	-0.673699,-0.7371,0
0.631,	0,0,0,	-4.90273,9.45686e-08,0,	-0.669048,-0.741333,0
0.632,	0,0,0,	-4.90177,9.47651e-08,0,	-0.664369,-0.745536,0
0.633,	0,0,0,	-4.90081,9.49605e-08,0,	-0.659665,-0.74971,0
0.634,	0,0,0,	-4.89985,9.51547e-08,0,	-0.654934,-0.753854,0
0.635,	0,0,0,	-4.89888,9.53478e-08,0,	-0.650177,-0.757968,0
0.636,	0,0,0,	-4.89791,9.55397e-08,0,	-0.645394,-0.762052,0
0.637,	0,0,0,	-4.89695,9.57305e-08,0,	-0.640586,-0.766105,0
0.638,	0,0,0,	-4.89598,9.59202e-08,0,	-0.635753,-0.770129,0
0.639,	0,0,0,	-4.895,9.61086e-08,0,	-0.630894,-0.774122,0
0.64,	0,0,0,	-4.89403,9.62959e-08,0,	-0.62601,-0.778084,0
0.641,	0,0,0,	-4.89306,9.64821e-08,0,	-0.621102,-0.782015,0
0.642,	0,0,0,	-4.89208,9.66671e-08,0,	-0.616169,-0.785915,0
0.643,	0,0,0,	-4.8911,9.68509e-08,0,	-0.611211,-0.789785,0
0.644,	0,0,0,	-4.89012,9.70335e-08,0,	-0.606229,-0.793622,0
0.645,	0,0,0,	-4.88914,9.7215e-08,0,	-0.601223,-0.797429,0
0.646,	0,0,0,	-4.88816,9.73953e-08,0,	-0.596194,-0.801204,0
0.647,	0,0,0,	-4.88717,9.75745e-08,0,	-0.59114,-0.804947,0
0.648,	0,0,0,	-4.88618,9.77524e-08,0,	-0.586064,-0.808658,0
0.649,	0,0,0,	-4.88519,9.79292e-08,0,	-0.580964,-0.812337,0
0.65,	0,0,0,	-4.8842,9.81048e-08,0,	-0.575841,-0.815984,0
0.651,	0,0,0,	-4.88321,9.82793e-08,0,	-0.570695,-0.819599,0
0.652,	0,0,0,	-4.88222,9.84525e-08,0,	-0.565526,-0.823181,0
0.653,	0,0,0,	-4.88123,9.86246e-08,0,	-0.560336,-0.82673,0
0.654,	0,0,0,	-4.88023,9.87955e-08,0,	-0.555123,-0.830247,0
0.655,	0,0,0,	-4.87923,9.89652e-08,0,	-0.549888,-0.833731,0
0.656,	0,0,0,	-4.87823,9.91337e-08,0,	-0.544631,-0.837181,0
0.657,	0,0,0,	-4.87723,9.9301e-08,0,	-0.539352,-0.840599,0
0.658,	0,0,0,	-4.87623,9.94671e-08,0,	-0.534053,-0.843983,0
0.659,	0,0,0,	-4.87522,9.96321e-08,0,	-0.528732,-0.847334,0
0.66,	0,0,0,	-4.87421,9.97958e-08,0,	-0.52339,-0.850651,0
0.661,	0,0,0,	-4.87321,9.99584e-08,0,	-0.518027,-0.853935,0
0.662,	0,0,0,	-4.8722,1.0012e-07,0,	-0.512644,-0.857185,0
0.663,	0,0,0,	-4.87118,1.0028e-07,0,	-0.507241,-0.8604,0
0.664,	0,0,0,	-4.87017,1.00439e-07,0,	-0.501817,-0.863582,0
0.665,	0,0,0,	-4.86916,1.00597e-07,0,	-0.496374,-0.866729,0
0.666,	0,0,0,	-4.86814,1.00753e-07,0,	-0.490911,-0.869842,0
0.667,	0,0,0,	-4.86712,1.00909e-07,0,	-0.485428,-0.872921,0
0.668,	0,0,0,	-4.8661,1.01063e-07,0,	-0.479926,-0.875965,0
0.669,	0,0,0,	-4.86508,1.01216e-07,0,	-0.474406,-0.878975,0
0.67,	0,0,0,	-4.86406,1.01368e-07,0,	-0.468866,-0.881949,0
0.671,	0,0,0,	-4.86303,1.01519e-07,0,	-0.463308,-0.884889,0
0.672,	0,0,0,	-4.862,1.01668e-07,0,	-0.457731,-0.887793,0
0.673,	0,0,0,	-4.86098,1.01816e-07,0,	-0.452137,-0.890663,0
0.674,	0,0,0,	-4.85995,1.01963e-07,0,	-0.446524,-0.893497,0
0.675,	0,0,0,	-4.85892,1.02109e-07,0,	-0.440894,-0.896295,0
0.676,	0,0,0,	-4.85788,1.02254e-07,0,	-0.435246,-0.899058,0
0.677,	0,0,0,	-4.85685,1.02397e-07,0,	-0.429581,-0.901786,0
0.678,	0,0,0,	-4.85581,1.0254e-07,0,	-0.4239,-0.904478,0
0.679,	0,0,0,	-4.85477,1.02681e-07,0,	-0.418201,-0.907134,0
0.68,	0,0,0,	-4.85373,1.02821e-07,0,	-0.412486,-0.909754,0
0.681,	0,0,0,	-4.85269,1.02959e-07,0,	-0.406754,-0.912338,0
0.682,	0,0,0,	-4.85165,1.03097e-07,0,	-0.401006,-0.914886,0
0.683,	0,0,0,	-4.8506,1.03233e-07,0,	-0.395243,-0.917398,0
0.684,	0,0,0,	-4.84956,1.03368e-07,0,	-0.389463,-0.919873,0
0.685,	0,0,0,	-4.84851,1.03502e-07,0,	-0.383669,-0.922312,0
0.686,	0,0,0,	-4.84746,1.03635e-07,0,	-0.377859,-0.924714,0
0.687,	0,0,0,	-4.84641,1.03766e-07,0,	-0.372034,-0.92708,0
0.688,	0,0,0,	-4.84535,1.03897e-07,0,	-0.366194,-0.929409,0
0.689,	0,0,0,	-4.8443,1.04026e-07,0,	-0.36034,-0.931701,0
0.69,	0,0,0,	-4.84324,1.04154e-07,0,	-0.354472,-0.933957,0
0.691,	0,0,0,	-4.84218,1.04281e-07,0,	-0.34859,-0.936175,0
0.692,	0,0,0,	-4.84112,1.04407e-07,0,	-0.342693,-0.938356,0
0.693,	0,0,0,	-4.84006,1.04531e-07,0,	-0.336784,-0.9405,0
0.694,	0,0,0,	-4.839,1.04654e-07,0,	-0.33086,-0.942607,0
0.695,	0,0,0,	-4.83793,1.04776e-07,0,	-0.324924,-0.944677,0
0.696,	0,0,0,	-4.83686,1.04897e-07,0,	-0.318975,-0.946709,0
0.697,	0,0,0,	-4.8358,1.05017e-07,0,	-0.313014,-0.948703,0
0.698,	0,0,0,	-4.83473,1.05136e-07,0,	-0.307039,-0.95066,0
0.699,	0,0,0,	-4.83365,1.05253e-07,0,	-0.301053,-0.95258,0
0.7,	0,0,0,	-4.83258,1.05369e-07,0,	-0.295055,-0.954462,0
0.701,	0,0,0,	-4.83151,1.05484e-07,0,	-0.289045,-0.956306,0
0.702,	0,0,0,	-4.83043,1.05598e-07,0,	-0.283024,-0.958112,0
0.703,	0,0,0,	-4.82935,1.05711e-07,0,	-0.276992,-0.95988,0
0.704,	0,0,0,	-4.82827,1.05822e-07,0,	-0.270948,-0.96161,0
0.705,	0,0,0,	-4.82719,1.05933e-07,0,	-0.264894,-0.963302,0
0.706,	0,0,0,	-4.8261,1.06042e-07,0,	-0.258829,-0.964956,0
0.707,	0,0,0,	-4.82502,1.0615e-07,0,	-0.252754,-0.966572,0
0.708,	0,0,0,	-4.82393,1.06257e-07,0,	-0.246669,-0.968149,0
0.709,	0,0,0,	-4.82284,1.06363e-07,0,	-0.240575,-0.969688,0
0.71,	0,0,0,	-4.82175,1.06467e-07,0,	-0.234471,-0.971189,0
0.711,	0,0,0,	-4.82066,1.06571e-07,0,	-0.228357,-0.972651,0
0.712,	0,0,0,	-4.81957,1.06673e-07,0,	-0.222235,-0.974075,0
0.713,	0,0,0,	-4.81847,1.06774e-07,0,	-0.216103,-0.97546,0
0.714,	0,0,0,	-4.81737,1.06874e-07,0,	-0.209963,-0.976807,0
0.715,	0,0,0,	-4.81627,1.06973e-07,0,	-0.203815,-0.978115,0
0.716,	0,0,0,	-4.81517,1.07071e-07,0,	-0.197659,-0.979384,0
0.717,	0,0,0,	-4.81407,1.07167e-07,0,	-0.191495,-0.980614,0
0.718,	0,0,0,	-4.81297,1.07263e-07,0,	-0.185323,-0.981806,0
0.719,	0,0,0,	-4.81186,1.07357e-07,0,	-0.179144,-0.982959,0
0.72,	0,0,0,	-4.81075,1.0745e-07,0,	-0.172958,-0.984073,0
0.721,	0,0,0,	-4.80964,1.07542e-07,0,	-0.166766,-0.985148,0
0.722,	0,0,0,	-4.80853,1.07633e-07,0,	-0.160566,-0.986184,0
0.723,	0,0,0,	-4.80742,1.07723e-07,0,	-0.15436,-0.987181,0
0.724,	0,0,0,	-4.8063,1.07812e-07,0,	-0.148148,-0.988138,0
0.725,	0,0,0,	-4.80519,1.07899e-07,0,	-0.14193,-0.989057,0
0.726,	0,0,0,	-4.80407,1.07985e-07,0,	-0.135707,-0.989937,0
0.727,	0,0,0,	-4.80295,1.08071e-07,0,	-0.129478,-0.990777,0
0.728,	0,0,0,	-4.80183,1.08155e-07,0,	-0.123244,-0.991578,0
0.729,	0,0,0,	-4.80071,1.08238e-07,0,	-0.117005,-0.99234,0
0.73,	0,0,0,	-4.79958,1.0832e-07,0,	-0.110762,-0.993063,0
0.731,	0,0,0,	-4.79846,1.08401e-07,0,	-0.104514,-0.993746,0
0.732,	0,0,0,	-4.79733,1.0848e-07,0,	-0.0982623,-0.994391,0
0.733,	0,0,0,	-4.7962,1.08559e-07,0,	-0.0920065,-0.994995,0
0.734,	0,0,0,	-4.79507,1.08637e-07,0,	-0.085747,-0.995561,0
0.735,	0,0,0,	-4.79393,1.08713e-07,0,	-0.0794841,-0.996087,0
0.736,	0,0,0,	-4.7928,1.08788e-07,0,	-0.0732181,-0.996573,0
0.737,	0,0,0,	-4.79166,1.08863e-07,0,	-0.0669492,-0.99702,0
0.738,	0,0,0,	-4.79052,1.08936e-07,0,	-0.0606777,-0.997428,0
0.739,	0,0,0,	-4.78938,1.09008e-07,0,	-0.0544038,-0.997796,0
0.74,	0,0,0,	-4.78824,1.09079e-07,0,	-0.0481277,-0.998125,0
0.741,	0,0,0,	-4.7871,1.09149e-07,0,	-0.0418497,-0.998414,0
0.742,	0,0,0,	-4.78595,1.09218e-07,0,	-0.03557,-0.998664,0
0.743,	0,0,0,	-4.78481,1.09285e-07,0,	-0.029289,-0.998874,0
0.744,	0,0,0,	-4.78366,1.09352e-07,0,	-0.0230068,-0.999045,0
0.745,	0,0,0,	-4.78251,1.09418e-07,0,	-0.0167236,-0.999176,0
0.746,	0,0,0,	-4.78135,1.09482e-07,0,	-0.0104399,-0.999268,0
0.747,	0,0,0,	-4.7802,1.09546e-07,0,	-0.00415566,-0.99932,0
0.748,	0,0,0,	-4.77905,1.09608e-07,0,	0.00212869,-0.999333,0
0.749,	0,0,0,	-4.77789,1.0967e-07,0,	0.00841296,-0.999306,0
0.75,	0,0,0,	-4.77673,1.0973e-07,0,	0.0146969,-0.999239,0
0.751,	0,0,0,	-4.77557,1.09789e-07,0,	0.0209803,-0.999133,0
0.752,	0,0,0,	-4.77441,1.09848e-07,0,	0.0272628,-0.998988,0
0.753,	0,0,0,	-4.77324,1.09905e-07,0,	0.0335442,-0.998803,0
0.754,	0,0,0,	-4.77208,1.09961e-07,0,	0.0398243,-0.998578,0
0.755,	0,0,0,	-4.77091,1.10016e-07,0,	0.0461029,-0.998314,0
0.756,	0,0,0,	-4.76974,1.1007e-07,0,	0.0523796,-0.998011,0
0.757,	0,0,0,	-4.76857,1.10123e-07,0,	0.0586542,-0.997668,0
0.758,	0,0,0,	-4.76739,1.10175e-07,0,	0.0649265,-0.997285,0
0.759,	0,0,0,	-4.76622,1.10226e-07,0,	0.0711963,-0.996864,0
0.76,	0,0,0,	-4.76504,1.10276e-07,0,	0.0774632,-0.996402,0
0.761,	0,0,0,	-4.76386,1.10325e-07,0,	0.0837271,-0.995902,0
0.762,	0,0,0,	-4.76268,1.10373e-07,0,	0.0899876,-0.995361,0
0.763,	0,0,0,	-4.7615,1.1042e-07,0,	0.0962446,-0.994782,0
0.764,	0,0,0,	-4.76032,1.10466e-07,0,	0.102498,-0.994163,0
0.765,	0,0,0,	-4.75913,1.10511e-07,0,	0.108747,-0.993505,0
0.766,	0,0,0,	-4.75795,1.10555e-07,0,	0.114992,-0.992808,0
0.767,	0,0,0,	-4.75676,1.10598e-07,0,	0.121232,-0.992071,0
0.768,	0,0,0,	-4.75557,1.1064e-07,0,	0.127468,-0.991295,0
0.769,	0,0,0,	-4.75438,1.10681e-07,0,	0.133698,-0.99048,0
0.77,	0,0,0,	-4.75318,1.10721e-07,0,	0.139923,-0.989626,0
0.771,	0,0,0,	-4.75199,1.1076e-07,0,	0.146143,-0.988732,0
0.772,	0,0,0,	-4.75079,1.10798e-07,0,	0.152357,-0.9878,0
0.773,	0,0,0,	-4.74959,1.10835e-07,0,	0.158564,-0.986828,0
0.774,	0,0,0,	-4.74839,1.10871e-07,0,	0.164766,-0.985818,0
0.775,	0,0,0,	-4.74719,1.10906e-07,0,	0.170961,-0.984768,0
0.776,	0,0,0,	-4.74598,1.1094e-07,0,	0.177149,-0.98368,0
0.777,	0,0,0,	-4.74478,1.10973e-07,0,	0.18333,-0.982553,0
0.778,	0,0,0,	-4.74357,1.11006e-07,0,	0.189504,-0.981386,0
0.779,	0,0,0,	-4.74236,1.11037e-07,0,	0.195671,-0.980181,0
0.78,	0,0,0,	-4.74115,1.11067e-07,0,	0.20183,-0.978938,0
0.781,	0,0,0,	-4.73993,1.11097e-07,0,	0.207981,-0.977655,0
0.782,	0,0,0,	-4.73872,1.11125e-07,0,	0.214123,-0.976334,0
0.783,	0,0,0,	-4.7375,1.11152e-07,0,	0.220257,-0.974974,0
0.784,	0,0,0,	-4.73628,1.11179e-07,0,	0.226383,-0.973576,0
0.785,	0,0,0,	-4.73506,1.11205e-07,0,	0.232499,-0.972139,0
0.786,	0,0,0,	-4.73384,1.11229e-07,0,	0.238606,-0.970664,0
0.787,	0,0,0,	-4.73262,1.11253e-07,0,	0.244704,-0.969151,0
0.788,	0,0,0,	-4.73139,1.11276e-07,0,	0.250792,-0.967599,0
0.789,	0,0,0,	-4.73017,1.11298e-07,0,	0.256871,-0.966009,0
0.79,	0,0,0,	-4.72894,1.11319e-07,0,	0.262939,-0.96438,0
0.791,	0,0,0,	-4.72771,1.11339e-07,0,	0.268996,-0.962714,0
0.792,	0,0,0,	-4.72647,1.11358e-07,0,	0.275043,-0.961009,0
0.793,	0,0,0,	-4.72524,1.11376e-07,0,	0.28108,-0.959267,0
0.794,	0,0,0,	-4.724,1.11394e-07,0,	0.287105,-0.957487,0
0.795,	0,0,0,	-4.72277,1.1141e-07,0,	0.293118,-0.955668,0
0.796,	0,0,0,	-4.72153,1.11426e-07,0,	0.29912,-0.953812,0
0.797,	0,0,0,	-4.72029,1.1144e-07,0,	0.305111,-0.951919,0
0.798,	0,0,0,	-4.71904,1.11454e-07,0,	0.311089,-0.949987,0
0.799,	0,0,0,	-4.7178,1.11467e-07,0,	0.317055,-0.948019,0
0.8,	0,0,0,	-4.71655,1.11479e-07,0,	0.323008,-0.946012,0
0.801,	0,0,0,	-4.7153,1.1149e-07,0,	0.328949,-0.943969,0
0.802,	0,0,0,	-4.71405,1.11501e-07,0,	0.334877,-0.941888,0
0.803,	0,0,0,	-4.7128,1.1151e-07,0,	0.340791,-0.939769,0
0.804,	0,0,0,	-4.71155,1.11519e-07,0,	0.346692,-0.937614,0
0.805,	0,0,0,	-4.71029,1.11527e-07,0,	0.352579,-0.935422,0
0.806,	0,0,0,	-4.70903,1.11533e-07,0,	0.358453,-0.933192,0
0.807,	0,0,0,	-4.70777,1.11539e-07,0,	0.364312,-0.930926,0
0.808,	0,0,0,	-4.70651,1.11545e-07,0,	0.370156,-0.928623,0
0.809,	0,0,0,	-4.70525,1.11549e-07,0,	0.375987,-0.926283,0
0.81,	0,0,0,	-4.70399,1.11552e-07,0,	0.381802,-0.923907,0
0.811,	0,0,0,	-4.70272,1.11555e-07,0,	0.387602,-0.921494,0
0.812,	0,0,0,	-4.70145,1.11557e-07,0,	0.393387,-0.919045,0
0.813,	0,0,0,	-4.70018,1.11558e-07,0,	0.399156,-0.916559,0
0.814,	0,0,0,	-4.69891,1.11558e-07,0,	0.40491,-0.914037,0
0.815,	0,0,0,	-4.69764,1.11558e-07,0,	0.410647,-0.911479,0
0.816,	0,0,0,	-4.69636,1.11556e-07,0,	0.416368,-0.908885,0
0.817,	0,0,0,	-4.69509,1.11554e-07,0,	0.422073,-0.906255,0
0.818,	0,0,0,	-4.69381,1.11551e-07,0,	0.427762,-0.90359,0
0.819,	0,0,0,	-4.69253,1.11547e-07,0,	0.433433,-0.900888,0
0.82,	0,0,0,	-4.69124,1.11542e-07,0,	0.439087,-0.898151,0
0.821,	0,0,0,	-4.68996,1.11537e-07,0,	0.444724,-0.895379,0
0.822,	0,0,0,	-4.68867,1.11531e-07,0,	0.450343,-0.892571,0
0.823,	0,0,0,	-4.68739,1.11524e-07,0,	0.455944,-0.889728,0
0.824,	0,0,0,	-4.6861,1.11516e-07,0,	0.461528,-0.88685,0
0.825,	0,0,0,	-4.6848,1.11507e-07,0,	0.467093,-0.883937,0
0.826,	0,0,0,	-4.68351,1.11498e-07,0,	0.47264,-0.880988,0
0.827,	0,0,0,	-4.68222,1.11488e-07,0,	0.478168,-0.878005,0
0.828,	0,0,0,	-4.68092,1.11477e-07,0,	0.483677,-0.874988,0
0.829,	0,0,0,	-4.67962,1.11465e-07,0,	0.489167,-0.871935,0
0.83,	0,0,0,	-4.67832,1.11452e-07,0,	0.494638,-0.868849,0
0.831,	0,0,0,	-4.67702,1.11439e-07,0,	0.500089,-0.865728,0
0.832,	0,0,0,	-4.67572,1.11425e-07,0,	0.50552,-0.862572,0
0.833,	0,0,0,	-4.67441,1.11411e-07,0,	0.510932,-0.859383,0
0.834,	0,0,0,	-4.6731,1.11395e-07,0,	0.516323,-0.85616,0
0.835,	0,0,0,	-4.67179,1.11379e-07,0,	0.521694,-0.852903,0
0.836,	0,0,0,	-4.67048,1.11362e-07,0,	0.527044,-0.849612,0
0.837,	0,0,0,	-4.66917,1.11344e-07,0,	0.532374,-0.846288,0
0.838,	0,0,0,	-4.66785,1.11326e-07,0,	0.537682,-0.84293,0
0.839,	0,0,0,	-4.66654,1.11307e-07,0,	0.542969,-0.839539,0
0.84,	0,0,0,	-4.66522,1.11287e-07,0,	0.548235,-0.836115,0
0.841,	0,0,0,	-4.6639,1.11267e-07,0,	0.553479,-0.832658,0
0.842,	0,0,0,	-4.66258,1.11245e-07,0,	0.558701,-0.829167,0
0.843,	0,0,0,	-4.66125,1.11223e-07,0,	0.563901,-0.825645,0
0.844,	0,0,0,	-4.65993,1.11201e-07,0,	0.569079,-0.822089,0
0.845,	0,0,0,	-4.6586,1.11177e-07,0,	0.574234,-0.818501,0
0.846,	0,0,0,	-4.65727,1.11153e-07,0,	0.579367,-0.814881,0
0.847,	0,0,0,	-4.65594,1.11129e-07,0,	0.584477,-0.811228,0
0.848,	0,0,0,	-4.65461,1.11103e-07,0,	0.589564,-0.807544,0
0.849,	0,0,0,	-4.65327,1.11077e-07,0,	0.594627,-0.803827,0
0.85,	0,0,0,	-4.65193,1.1105e-07,0,	0.599667,-0.800079,0
0.851,	0,0,0,	-4.6506,1.11023e-07,0,	0.604683,-0.7963,0
0.852,	0,0,0,	-4.64926,1.10995e-07,0,	0.609676,-0.792488,0
0.853,	0,0,0,	-4.64791,1.10966e-07,0,	0.614644,-0.788646,0
0.854,	0,0,0,	-4.64657,1.10936e-07,0,	0.619588,-0.784772,0
0.855,	0,0,0,	-4.64522,1.10906e-07,0,	0.624508,-0.780868,0
0.856,	0,0,0,	-4.64388,1.10875e-07,0,	0.629403,-0.776932,0
0.857,	0,0,0,	-4.64253,1.10844e-07,0,	0.634273,-0.772966,0
0.858,	0,0,0,	-4.64118,1.10812e-07,0,	0.639118,-0.768969,0
0.859,	0,0,0,	-4.63982,1.10779e-07,0,	0.643937,-0.764942,0
0.86,	0,0,0,	-4.63847,1.10746e-07,0,	0.648732,-0.760885,0
0.861,	0,0,0,	-4.63711,1.10712e-07,0,	0.6535,-0.756798,0
0.862,	0,0,0,	-4.63575,1.10677e-07,0,	0.658243,-0.75268,0
0.863,	0,0,0,	-4.63439,1.10642e-07,0,	0.66296,-0.748533,0
0.864,	0,0,0,	-4.63303,1.10606e-07,0,	0.667651,-0.744357,0
0.865,	0,0,0,	-4.63167,1.10569e-07,0,	0.672315,-0.740151,0
0.866,	0,0,0,	-4.6303,1.10532e-07,0,	0.676953,-0.735916,0
0.867,	0,0,0,	-4.62893,1.10494e-07,0,	0.681564,-0.731652,0
0.868,	0,0,0,	-4.62756,1.10456e-07,0,	0.686148,-0.727359,0
0.869,	0,0,0,	-4.62619,1.10417e-07,0,	0.690705,-0.723037,0
0.87,	0,0,0,	-4.62482,1.10378e-07,0,	0.695235,-0.718687,0
0.871,	0,0,0,	-4.62344,1.10337e-07,0,	0.699737,-0.714308,0
0.872,	0,0,0,	-4.62207,1.10297e-07,0,	0.704212,-0.709901,0
0.873,	0,0,0,	-4.62069,1.10255e-07,0,	0.708659,-0.705466,0
0.874,	0,0,0,	-4.61931,1.10214e-07,0,	0.713078,-0.701003,0
0.875,	0,0,0,	-4.61792,1.10171e-07,0,	0.717469,-0.696513,0
0.876,	0,0,0,	-4.61654,1.10128e-07,0,	0.721831,-0.691995,0
0.877,	0,0,0,	-4.61515,1.10084e-07,0,	0.726165,-0.68745,0
0.878,	0,0,0,	-4.61377,1.1004e-07,0,	0.73047,-0.682877,0
0.879,	0,0,0,	-4.61238,1.09995e-07,0,	0.734747,-0.678278,0
0.88,	0,0,0,	-4.61098,1.0995e-07,0,	0.738994,-0.673652,0
0.881,	0,0,0,	-4.60959,1.09904e-07,0,	0.743212,-0.668999,0
0.882,	0,0,0,	-4.6082,1.09858e-07,0,	0.747401,-0.66432,0
0.883,	0,0,0,	-4.6068,1.09811e-07,0,	0.75156,-0.659614,0
0.884,	0,0,0,	-4.6054,1.09763e-07,0,	0.75569,-0.654883,0
0.885,	0,0,0,	-4.604,1.09715e-07,0,	0.75979,-0.650125,0
0.886,	0,0,0,	-4.60259,1.09667e-07,0,	0.76386,-0.645342,0
0.887,	0,0,0,	-4.60119,1.09618e-07,0,	0.767899,-0.640534,0
0.888,	0,0,0,	-4.59978,1.09568e-07,0,	0.771909,-0.6357,0
0.889,	0,0,0,	-4.59837,1.09518e-07,0,	0.775888,-0.630841,0
0.89,	0,0,0,	-4.59696,1.09467e-07,0,	0.779836,-0.625958,0
0.891,	0,0,0,	-4.59555,1.09416e-07,0,	0.783753,-0.621049,0
0.892,	0,0,0,	-4.59414,1.09365e-07,0,	0.78764,-0.616116,0
0.893,	0,0,0,	-4.59272,1.09312e-07,0,	0.791495,-0.611159,0
0.894,	0,0,0,	-4.5913,1.0926e-07,0,	0.79532,-0.606177,0
0.895,	0,0,0,	-4.58988,1.09207e-07,0,	0.799112,-0.601172,0
0.896,	0,0,0,	-4.58846,1.09153e-07,0,	0.802873,-0.596143,0
0.897,	0,0,0,	-4.58704,1.09099e-07,0,	0.806603,-0.59109,0
0.898,	0,0,0,	-4.58561,1.09044e-07,0,	0.810301,-0.586014,0
0.899,	0,0,0,	-4.58419,1.08989e-07,0,	0.813966,-0.580915,0
0.9,	0,0,0,	-4.58276,1.08933e-07,0,	0.8176,-0.575793,0
0.901,	0,0,0,	-4.58133,1.08877e-07,0,	0.821201,-0.570648,0
0.902,	0,0,0,	-4.57989,1.08821e-07,0,	0.82477,-0.565481,0
0.903,	0,0,0,	-4.57846,1.08764e-07,0,	0.828306,-0.560291,0
0.904,	0,0,0,	-4.57702,1.08706e-07,0,	0.83181,-0.555079,0
0.905,	0,0,0,	-4.57558,1.08649e-07,0,	0.835281,-0.549846,0
0.906,	0,0,0,	-4.57414,1.0859e-07,0,	0.838718,-0.54459,0
0.907,	0,0,0,	-4.5727,1.08531e-07,0,	0.842123,-0.539314,0
0.908,	0,0,0,	-4.57126,1.08472e-07,0,	0.845495,-0.534015,0
0.909,	0,0,0,	-4.56981,1.08413e-07,0,	0.848833,-0.528696,0
0.91,	0,0,0,	-4.56836,1.08352e-07,0,	0.852137,-0.523356,0
0.911,	0,0,0,	-4.56691,1.08292e-07,0,	0.855408,-0.517995,0
0.912,	0,0,0,	-4.56546,1.08231e-07,0,	0.858645,-0.512614,0
0.913,	0,0,0,	-4.56401,1.0817e-07,0,	0.861848,-0.507213,0
0.914,	0,0,0,	-4.56255,1.08108e-07,0,	0.865018,-0.501791,0
0.915,	0,0,0,	-4.56109,1.08046e-07,0,	0.868153,-0.49635,0
0.916,	0,0,0,	-4.55963,1.07983e-07,0,	0.871253,-0.490889,0
0.917,	0,0,0,	-4.55817,1.0792e-07,0,	0.87432,-0.485409,0
0.918,	0,0,0,	-4.55671,1.07857e-07,0,	0.877352,-0.479909,0
0.919,	0,0,0,	-4.55525,1.07793e-07,0,	0.880349,-0.474391,0
0.92,	0,0,0,	-4.55378,1.07729e-07,0,	0.883311,-0.468854,0
0.921,	0,0,0,	-4.55231,1.07664e-07,0,	0.886239,-0.463298,0
0.922,	0,0,0,	-4.55084,1.07599e-07,0,	0.889132,-0.457724,0
0.923,	0,0,0,	-4.54937,1.07534e-07,0,	0.891989,-0.452132,0
0.924,	0,0,0,	-4.54789,1.07468e-07,0,	0.894812,-0.446522,0
0.925,	0,0,0,	-4.54641,1.07402e-07,0,	0.897599,-0.440895,0
0.926,	0,0,0,	-4.54494,1.07335e-07,0,	0.90035,-0.43525,0
0.927,	0,0,0,	-4.54346,1.07269e-07,0,	0.903066,-0.429588,0
0.928,	0,0,0,	-4.54197,1.07201e-07,0,	0.905746,-0.423909,0
0.929,	0,0,0,	-4.54049,1.07134e-07,0,	0.908391,-0.418213,0
0.93,	0,0,0,	-4.539,1.07066e-07,0,	0.911,-0.412501,0
0.931,	0,0,0,	-4.53752,1.06998e-07,0,	0.913573,-0.406773,0
0.932,	0,0,0,	-4.53603,1.06929e-07,0,	0.916109,-0.401028,0
0.933,	0,0,0,	-4.53453,1.0686e-07,0,	0.91861,-0.395268,0
0.934,	0,0,0,	-4.53304,1.06791e-07,0,	0.921074,-0.389492,0
0.935,	0,0,0,	-4.53154,1.06722e-07,0,	0.923502,-0.3837,0
0.936,	0,0,0,	-4.53005,1.06652e-07,0,	0.925894,-0.377894,0
0.937,	0,0,0,	-4.52855,1.06582e-07,0,	0.928249,-0.372072,0
0.938,	0,0,0,	-4.52705,1.06511e-07,0,	0.930567,-0.366236,0
0.939,	0,0,0,	-4.52554,1.0644e-07,0,	0.932849,-0.360386,0
0.94,	0,0,0,	-4.52404,1.06369e-07,0,	0.935093,-0.354521,0
0.941,	0,0,0,	-4.52253,1.06298e-07,0,	0.937301,-0.348642,0
0.942,	0,0,0,	-4.52102,1.06226e-07,0,	0.939472,-0.342749,0
0.943,	0,0,0,	-4.51951,1.06154e-07,0,	0.941606,-0.336843,0
0.944,	0,0,0,	-4.518,1.06082e-07,0,	0.943702,-0.330924,0
0.945,	0,0,0,	-4.51648,1.06009e-07,0,	0.945762,-0.324992,0
0.946,	0,0,0,	-4.51497,1.05936e-07,0,	0.947784,-0.319046,0
0.947,	0,0,0,	-4.51345,1.05863e-07,0,	0.949768,-0.313088,0
0.948,	0,0,0,	-4.51193,1.0579e-07,0,	0.951715,-0.307118,0
0.949,	0,0,0,	-4.5104,1.05716e-07,0,	0.953625,-0.301136,0
0.95,	0,0,0,	-4.50888,1.05642e-07,0,	0.955497,-0.295142,0
0.951,	0,0,0,	-4.50735,1.05568e-07,0,	0.957331,-0.289136,0
0.952,	0,0,0,	-4.50582,1.05493e-07,0,	0.959127,-0.283118,0
0.953,	0,0,0,	-4.50429,1.05419e-07,0,	0.960886,-0.27709,0
0.954,	0,0,0,	-4.50276,1.05344e-07,0,	0.962606,-0.27105,0
0.955,	0,0,0,	-4.50123,1.05268e-07,0,	0.964289,-0.265,0
0.956,	0,0,0,	-4.49969,1.05193e-07,0,	0.965933,-0.25894,0
0.957,	0,0,0,	-4.49815,1.05117e-07,0,	0.96754,-0.252869,0
0.958,	0,0,0,	-4.49661,1.05041e-07,0,	0.969108,-0.246788,0
0.959,	0,0,0,	-4.49507,1.04965e-07,0,	0.970638,-0.240698,0
0.96,	0,0,0,	-4.49353,1.04889e-07,0,	0.972129,-0.234598,0
0.961,	0,0,0,	-4.49198,1.04812e-07,0,	0.973583,-0.228488,0
0.962,	0,0,0,	-4.49043,1.04736e-07,0,	0.974997,-0.22237,0
0.963,	0,0,0,	-4.48888,1.04659e-07,0,	0.976374,-0.216243,0
0.964,	0,0,0,	-4.48733,1.04581e-07,0,	0.977712,-0.210107,0
0.965,	0,0,0,	-4.48578,1.04504e-07,0,	0.979011,-0.203963,0
0.966,	0,0,0,	-4.48422,1.04427e-07,0,	0.980271,-0.197811,0
0.967,	0,0,0,	-4.48266,1.04349e-07,0,	0.981493,-0.191652,0
0.968,	0,0,0,	-4.4811,1.04271e-07,0,	0.982676,-0.185484,0
0.969,	0,0,0,	-4.47954,1.04193e-07,0,	0.98382,-0.17931,0
0.97,	0,0,0,	-4.47798,1.04114e-07,0,	0.984926,-0.173128,0
0.971,	0,0,0,	-4.47641,1.04036e-07,0,	0.985992,-0.166939,0
0.972,	0,0,0,	-4.47484,1.03957e-07,0,	0.98702,-0.160744,0
0.973,	0,0,0,	-4.47327,1.03879e-07,0,	0.988009,-0.154543,0
0.974,	0,0,0,	-4.4717,1.038e-07,0,	0.988958,-0.148335,0
0.975,	0,0,0,	-4.47013,1.0372e-07,0,	0.989869,-0.142122,0
0.976,	0,0,0,	-4.46855,1.03641e-07,0,	0.990741,-0.135903,0
0.977,	0,0,0,	-4.46698,1.03562e-07,0,	0.991573,-0.129678,0
0.978,	0,0,0,	-4.4654,1.03482e-07,0,	0.992366,-0.123449,0
0.979,	0,0,0,	-4.46381,1.03403e-07,0,	0.993121,-0.117214,0
0.98,	0,0,0,	-4.46223,1.03323e-07,0,	0.993836,-0.110975,0
0.981,	0,0,0,	-4.46065,1.03243e-07,0,	0.994511,-0.104732,0
0.982,	0,0,0,	-4.45906,1.03163e-07,0,	0.995148,-0.098484,0
0.983,	0,0,0,	-4.45747,1.03083e-07,0,	0.995745,-0.0922326,0
0.984,	0,0,0,	-4.45588,1.03002e-07,0,	0.996303,-0.0859774,0
0.985,	0,0,0,	-4.45428,1.02922e-07,0,	0.996821,-0.0797189,0
0.986,	0,0,0,	-4.45269,1.02841e-07,0,	0.9973,-0.0734573,0
0.987,	0,0,0,	-4.45109,1.02761e-07,0,	0.99774,-0.0671928,0
0.988,	0,0,0,	-4.44949,1.0268e-07,0,	0.99814,-0.0609256,0
0.989,	0,0,0,	-4.44789,1.02599e-07,0,	0.998501,-0.054656,0
0.99,	0,0,0,	-4.44629,1.02518e-07,0,	0.998823,-0.0483842,0
0.991,	0,0,0,	-4.44468,1.02437e-07,0,	0.999105,-0.0421105,0
0.992,	0,0,0,	-4.44307,1.02356e-07,0,	0.999348,-0.0358352,0
0.993,	0,0,0,	-4.44147,1.02275e-07,0,	0.999551,-0.0295584,0
0.994,	0,0,0,	-4.43985,1.02194e-07,0,	0.999715,-0.0232805,0
0.995,	0,0,0,	-4.43824,1.02113e-07,0,	0.999839,-0.0170017,0
0.996,	0,0,0,	-4.43663,1.02032e-07,0,	0.999924,-0.0107222,0
0.997,	0,0,0,	-4.43501,1.0195e-07,0,	0.999969,-0.00444224,0
0.998,	0,0,0,	-4.43339,1.01869e-07,0,	0.999975,0.00183787,0
0.999,	0,0,0,	-4.43177,1.01787e-07,0,	0.999941,0.0081179,0
