Ising model with 100 spins and 10000000 Monte Carlo samples.
              T              E             Cv              M              X         abs(M)Acceptance rate
     2.2400000    -1.4820348     1.8819144   -0.44458144     24.618948     0.70484106     0.17425696
     2.2500000    -1.4631450     2.0619208   -0.22192045     42.313098     0.67180206     0.18130101
     2.2600000    -1.4418822     2.2390946   -0.22498671     67.046541     0.62571801     0.18923871
     2.2700000    -1.4191210     2.3975807   0.017337243     98.557808     0.56695749     0.19776569
     2.2740000    -1.4092403     2.4539331   0.011730942     115.30149     0.53597271     0.20146479
     2.2780000    -1.3979221     2.5043839 -0.0099820426     144.10070     0.49128089     0.20569768
     2.2820000    -1.3890151     2.4513289  -0.031280450     146.05739     0.46688630     0.20906149
     2.2860000    -1.3793333     2.4330572   0.013540246     152.12366     0.43523181     0.21271148
     2.2900000    -1.3700507     2.3375510   0.013845424     154.13946     0.40285207     0.21622383
