Ising model with 60 spins and 10000000 Monte Carlo samples.
              T              E             Cv              M              X         abs(M)Acceptance rate
      2.2000000     -1.5467172      1.4042595     0.78545604      4.6435093     0.78547794     0.15027775
      2.2100000     -1.5320111      1.4971560     0.32799119      6.9065107     0.76996585     0.15570953
      2.2200000     -1.5167107      1.5763041    -0.31046513      8.8415865     0.75354303     0.16137538
      2.2300000     -1.5002421      1.6922984    -0.22717640      12.264338     0.73330087     0.16749317
      2.2400000     -1.4829849      1.7981478    -0.20449343      16.722820     0.71005090     0.17390909
      2.2500000     -1.4642537      1.9253878  -0.0031100843      23.072050     0.68093517     0.18090036
      2.2600000     -1.4439094      2.0667912    -0.14364497      33.325821     0.64309530     0.18850084
      2.2700000     -1.4227075      2.1847641    0.018884085      43.940404     0.59971532     0.19645802
      2.2800000     -1.4000730      2.2357218    0.019562423      53.465804     0.54910783     0.20497320
      2.2900000     -1.3784173      2.1974682    0.012108931      58.933170     0.49952163     0.21316159
      2.3000000     -1.3571989      2.1212790  -0.0011344103      62.012893     0.44960195     0.22123248
      2.3100000     -1.3367636      1.9842434  -0.0038641794      61.600679     0.40007292     0.22905426
      2.3200000     -1.3176367      1.8378185  -0.0032171158      58.201317     0.35500851     0.23643566
      2.3300000     -1.2995555      1.6928957  -0.0024104873      52.976709     0.31366540     0.24344740
      2.3400000     -1.2837096      1.5838599  0.00061891233      47.326518     0.28514314     0.24966458
      2.3500000     -1.2687964      1.4702330  -0.0016015667      42.058453     0.25697286     0.25556453
