Ising model with 40 spins and 10000000 Monte Carlo samples.
              T              E             Cv              M              X         abs(M)Acceptance rate
      2.1000000     -1.6621331     0.96104845     0.86882460     0.93809728     0.86882460      0.0000000
      2.1050000     -1.6572362     0.97803679     0.86595765      1.0023464     0.86595765      0.0000000
      2.1100000     -1.6521759     0.99634522     0.86286198      1.0815461     0.86286198 8.6673936E-320
      2.1150000     -1.6472132      1.0107226     0.85998168      1.1306325     0.85998168 4.3304854E-320
      2.1200000     -1.6422267      1.0266649     0.85691925      1.2229952     0.85691925      0.0000000
      2.1250000     -1.6369452      1.0453127     0.85358056      1.2939186     0.85358056 4.3304854E-320
      2.1300000     -1.6316900      1.0643189     0.85026113      1.3792714     0.85026113      0.0000000
      2.1350000     -1.6264933      1.0789561     0.60756013      1.4582786     0.84707623      0.0000000
      2.1400000     -1.6209731      1.0997698     0.42166947      1.5505403     0.84343299      0.0000000
      2.1450000     -1.6153958      1.1204400     0.17781161      1.7439566     0.83950362      0.0000000
      2.1500000     -1.6095629      1.1445979    -0.13924524      1.9084534     0.83531430      0.0000000
      2.1550000     -1.6041159      1.1591974    -0.41571334      1.9982155     0.83181157      0.0000000
      2.1600000     -1.5981106      1.1872324     0.10146526      2.2207032     0.82731416      0.0000000
      2.1650000     -1.5920410      1.2107348    -0.27566479      2.3925722     0.82275373      0.0000000
      2.1700000     -1.5859699      1.2369757    -0.42752159      2.5942718     0.81826736      0.0000000
      2.1750000     -1.5797644      1.2639234     0.18211710      2.9642632     0.81320474      0.0000000
      2.1800000     -1.5733846      1.2860282     0.21928968      3.0977588     0.80829691      0.0000000
      2.1850000     -1.5668570      1.3107789     0.22232354      3.3201595     0.80301051      0.0000000
      2.1900000     -1.5602705      1.3446549    -0.45644406      3.7084884     0.79727433      0.0000000
      2.1950000     -1.5533204      1.3757042  -0.0063340444      4.2071080     0.79106061      0.0000000
      2.2000000     -1.5466358      1.4098451    0.098550078      4.6521483     0.78497351      0.0000000
      2.2050000     -1.5391584      1.4442742    -0.11558388      5.1645374     0.77776628      0.0000000
      2.2100000     -1.5316098      1.4920951     0.10918902      6.1737594     0.76957543      0.0000000
      2.2150000     -1.5243836      1.5225090   -0.016509704      6.5941702     0.76272463      0.0000000
      2.2200000     -1.5164497      1.5711862     0.19227210      7.6617870     0.75362813      0.0000000
      2.2250000     -1.5088485      1.5957706    0.032882452      8.0394347     0.74597311      0.0000000
      2.2300000     -1.5007279      1.6456334   -0.037056369      9.2082461     0.73631950      0.0000000
      2.2350000     -1.4925420      1.6862529    0.038745877      10.411285     0.72619429      0.0000000
      2.2400000     -1.4838323      1.7280783   -0.054050383      11.594055     0.71519802      0.0000000
      2.2450000     -1.4750571      1.7811713    0.048601546      13.104059     0.70335690      0.0000000
      2.2500000     -1.4661043      1.8214657    0.012546262      14.575827     0.69116307      0.0000000
      2.2550000     -1.4564249      1.8713584   -0.020425200      16.535733     0.67610618      0.0000000
      2.2600000     -1.4475074      1.9030050    0.074347594      17.693024     0.66369170      0.0000000
      2.2650000     -1.4383850      1.9333390   -0.022109870      19.064056     0.65048504      0.0000000
      2.2700000     -1.4283156      1.9528396  -0.0041907710      20.608644     0.63432204      0.0000000
      2.2750000     -1.4190097      1.9869451   -0.027111645      22.320619     0.61945236      0.0000000
      2.2800000     -1.4083812      2.0079393    0.029896501      23.962179     0.60101588      0.0000000
      2.2850000     -1.3982791      2.0166797   0.0040446570      25.450124     0.58355845      0.0000000
      2.2900000     -1.3880194      2.0169109  -0.0089793630      26.824632     0.56524076      0.0000000
      2.2950000     -1.3775334      2.0198388   -0.012364908      28.416995     0.54531986      0.0000000
      2.3000000     -1.3680655      1.9991949   0.0074308005      28.862236     0.52947378      0.0000000
      2.3500000     -1.2770602      1.5985742   0.0034056854      27.945995     0.36227843 4.3314735E-320
      2.4000000     -1.2074722      1.2130967   0.0011660886      18.885463     0.25500415 8.6743105E-320

