Ising model with 140 spins and 10000000 Monte Carlo samples.
              T              E             Cv              M              X         abs(M)Acceptance rate
     2.2000000    -1.5462218     1.4954823   -0.19552132     18.929992     0.78215157     0.15045619
     2.2050000    -1.5392023     1.4616732   -0.19477816     6.0152323     0.77744931     0.15304834
     2.2100000    -1.5319558     1.4954952   -0.19259129     6.6255791     0.77023603     0.15572881
     2.2150000    -1.5243313     1.5324042   -0.19088646     7.4013877     0.76221011     0.15854698
     2.2200000    -1.5165105     1.5854879   -0.18837185     8.6737639     0.75345533     0.16144641
     2.2250000    -1.5084239     1.6453134   -0.18637690     11.499137     0.74342770     0.16444513
     2.2300000    -1.5002402     1.7017529   -0.18289771     13.326235     0.73321731     0.16748638
     2.2350000    -1.4916721     1.7601295   -0.18065908     16.366607     0.72161150     0.17067402
     2.2400000    -1.4825274     1.8376525   -0.17683881     21.462633     0.70747440     0.17407727
     2.2450000    -1.4729411     1.9672809   -0.11656991     36.310241     0.68993028     0.17764759
     2.2500000    -1.4633326     2.0429535    0.12690308     42.757562     0.67298265     0.18123617
     2.2550000    -1.4527768     2.1587116   0.054224151     59.190060     0.65052255     0.18517087
     2.2600000    -1.4409111     2.3496773   0.050460925     112.95346     0.61477995     0.18959243
     2.2650000    -1.4290584     2.4937969    0.21600744     151.31894     0.57873995     0.19401765
     2.2700000    -1.4163478     2.5965014   -0.20539101     186.41317     0.53525568     0.19877007
     2.2750000    -1.4033998     2.6313237  -0.073989004     231.30049     0.48491306     0.20361909
     2.2800000    -1.3903948     2.5819824   0.010016727     267.93822     0.42787069     0.20849956
     2.2850000    -1.3776807     2.4730024  0.0055921811     277.29141     0.37471872     0.21328401
     2.2900000    -1.3661604     2.2962808   0.021282653     262.10631     0.32964376     0.21764457
     2.2950000    -1.3550479     2.1342591 -0.0065900613     238.87231     0.28600461     0.22186703
     2.3000000    -1.3441966     1.9489289  0.0092744348     200.97467     0.24136705     0.22600007
