X-coordinates at first line, Eigenvectors below:
 
1	2	3	4	5	6	7	8	9	10	

 
0.953639	-0.299961	0.0244018	-0.000787126	1.37481e-05	-1.50592e-07	1.12585e-09	-4.0803e-11	-1.49006e-09	3.6488e-11	

0.298756	0.933781	-0.196614	0.0118319	-0.000329746	5.25713e-06	-5.39456e-08	-1.35363e-07	3.05198e-08	-7.44519e-10	

0.0362225	0.194436	0.969944	-0.141572	0.00691697	-0.000168031	2.42543e-06	-5.03477e-08	-5.93057e-08	2.58198e-09	

0.00237181	0.0164232	0.140985	0.983677	-0.110489	0.00453335	-9.69748e-05	1.26991e-06	-2.00813e-08	-1.27062e-08	

9.76656e-05	0.000787579	0.00886436	0.110302	0.989718	-0.0905624	0.0031988	-6.10107e-05	7.28411e-07	-7.38108e-09	

2.76741e-06	2.47229e-05	0.000329362	0.00553227	0.090484	0.992921	-0.0767099	0.0023778	-4.08139e-05	4.4577e-07	

5.45208e-08	5.4234e-07	8.25161e-06	0.000167919	0.00377747	0.0766712	0.994826	-0.0665271	0.00183614	-2.85465e-05	

4.26446e-08	1.41773e-07	1.46449e-07	3.50206e-06	9.69563e-05	0.00274146	0.0665059	0.996051	-0.0587272	0.00145679	

-3.05946e-09	-9.33402e-09	6.68981e-08	5.32328e-08	1.73247e-06	6.09497e-05	0.00208026	0.0587144	0.996892	-0.0524904	

-9.75637e-11	-2.73773e-10	2.59564e-09	1.37261e-08	2.31066e-08	9.5233e-07	4.07977e-05	0.00163126	0.0524853	0.99862	

