             37              4     0.10810811
             38              4     0.10526316
             39              4      0.1025641
             40              4            0.1
             41              4    0.097560976
             42              4    0.095238095
             43              4    0.093023256
             44              4    0.090909091
             45              4    0.088888889
             46              4    0.086956522
             47              4    0.085106383
             48              4    0.083333333
             49              4    0.081632653
             50              4           0.08
             51              4    0.078431373
             52              4    0.076923077
             53              4    0.075471698
             54              4    0.074074074
             55              4    0.072727273
             56              4    0.071428571
             57              4    0.070175439
             58              4    0.068965517
             59              4     0.06779661
             60              4    0.066666667
             61              4     0.06557377
             62              5    0.080645161
             63              5    0.079365079
             64              5       0.078125
             65              5    0.076923077
             66              5    0.075757576
             67              5    0.074626866
             68              5    0.073529412
             69              5    0.072463768
             70              6    0.085714286
             71              6    0.084507042
             72              6    0.083333333
